10000 9
10000 8
10000 10
10000 8
10000 8
20000 9
20000 10
20000 10
20000 11
20000 9
30000 9
30000 10
30000 9
30000 11
30000 8
40000 9
40000 11
40000 9
40000 9
40000 9
50000 10
50000 9
50000 10
50000 10
50000 9
60000 9
60000 10
60000 10
60000 10
60000 9
70000 10
70000 10
70000 9
70000 11
70000 10
80000 10
80000 10
80000 10
80000 11
80000 10
90000 9
90000 11
90000 10
90000 10
90000 9
100000 10
100000 11
100000 11
100000 10
100000 11
110000 10
110000 10
110000 11
110000 10
110000 10
120000 10
120000 10
120000 12
120000 11
120000 10
130000 10
130000 9
130000 10
130000 10
130000 10
140000 10
140000 10
140000 10
140000 10
140000 10
150000 9
150000 10
150000 10
150000 11
150000 11
160000 12
160000 10
160000 10
160000 9
160000 10
170000 10
170000 10
170000 11
170000 11
170000 11
180000 10
180000 10
180000 10
180000 10
180000 11
190000 11
190000 10
190000 11
190000 11
190000 10
200000 10
200000 11
200000 10
200000 11
200000 10
210000 10
210000 10
210000 11
210000 10
210000 10
220000 11
220000 11
220000 12
220000 10
220000 10
230000 10
230000 11
230000 11
230000 11
230000 10
240000 11
240000 11
240000 10
240000 10
240000 10
250000 11
250000 11
250000 11
250000 10
250000 11
260000 10
260000 11
260000 11
260000 11
260000 11
270000 12
270000 11
270000 10
270000 10
270000 11
280000 12
280000 12
280000 11
280000 10
280000 10
290000 13
290000 10
290000 11
290000 12
290000 10
300000 11
300000 11
300000 11
300000 11
300000 11
310000 12
310000 13
310000 11
310000 11
310000 11
320000 12
320000 11
320000 11
320000 11
320000 10
330000 12
330000 12
330000 10
330000 11
330000 11
340000 11
340000 11
340000 10
340000 11
340000 11
350000 11
350000 11
350000 11
350000 11
350000 11
360000 12
360000 11
360000 11
360000 13
360000 10
370000 11
370000 10
370000 12
370000 12
370000 10
380000 11
380000 12
380000 11
380000 10
380000 11
390000 11
390000 10
390000 10
390000 11
390000 10
400000 11
400000 11
400000 11
400000 10
400000 11
410000 10
410000 11
410000 10
410000 12
410000 11
420000 10
420000 13
420000 11
420000 12
420000 10
430000 11
430000 10
430000 11
430000 11
430000 11
440000 12
440000 12
440000 11
440000 11
440000 11
450000 10
450000 11
450000 11
450000 11
450000 11
460000 11
460000 11
460000 11
460000 10
460000 11
470000 10
470000 11
470000 11
470000 11
470000 10
480000 12
480000 12
480000 10
480000 13
480000 10
490000 11
490000 11
490000 11
490000 12
490000 10
500000 11
500000 10
500000 12
500000 11
500000 11
510000 10
510000 10
510000 11
510000 12
510000 10
520000 12
520000 12
520000 11
520000 11
520000 11
530000 12
530000 12
530000 11
530000 11
530000 15
540000 11
540000 12
540000 13
540000 11
540000 15
550000 10
550000 14
550000 11
550000 11
550000 15
560000 12
560000 10
560000 10
560000 11
560000 13
570000 10
570000 11
570000 10
570000 10
570000 15
580000 11
580000 13
580000 11
580000 11
580000 15
590000 12
590000 12
590000 11
590000 11
590000 13
600000 11
600000 12
600000 11
600000 11
600000 15
610000 11
610000 12
610000 11
610000 11
610000 15
620000 11
620000 12
620000 11
620000 10
620000 15
630000 11
630000 12
630000 11
630000 11
630000 15
640000 11
640000 12
640000 11
640000 11
640000 12
650000 11
650000 12
650000 13
650000 11
650000 14
660000 12
660000 12
660000 11
660000 12
660000 15
670000 12
670000 12
670000 12
670000 10
670000 15
680000 11
680000 11
680000 12
680000 11
680000 14
690000 11
690000 11
690000 11
690000 10
690000 11
700000 11
700000 12
700000 10
700000 12
700000 15
710000 11
710000 12
710000 11
710000 11
710000 12
720000 11
720000 11
720000 12
720000 12
720000 15
730000 11
730000 11
730000 11
730000 13
730000 14
740000 11
740000 12
740000 11
740000 12
740000 14
750000 11
750000 11
750000 11
750000 12
750000 13
760000 12
760000 11
760000 11
760000 11
760000 12
770000 11
770000 12
770000 10
770000 11
770000 15
780000 12
780000 12
780000 12
780000 10
780000 15
790000 12
790000 11
790000 12
790000 12
790000 15
800000 11
800000 13
800000 11
800000 11
800000 15
810000 11
810000 11
810000 11
810000 11
810000 15
820000 11
820000 12
820000 12
820000 12
820000 12
830000 11
830000 13
830000 11
830000 11
830000 12
840000 11
840000 11
840000 11
840000 11
840000 15
850000 11
850000 12
850000 12
850000 12
850000 12
860000 11
860000 12
860000 11
860000 11
860000 15
870000 11
870000 12
870000 11
870000 11
870000 15
880000 12
880000 12
880000 10
880000 11
880000 13
890000 12
890000 11
890000 10
890000 12
890000 15
900000 11
900000 11
900000 11
900000 11
900000 15
910000 11
910000 11
910000 11
910000 11
910000 15
920000 11
920000 12
920000 12
920000 11
920000 13
930000 11
930000 11
930000 11
930000 11
930000 14
940000 11
940000 11
940000 13
940000 11
940000 15
950000 11
950000 13
950000 12
950000 12
950000 15
960000 11
960000 12
960000 11
960000 11
960000 15
970000 12
970000 12
970000 11
970000 12
970000 15
980000 12
980000 13
980000 11
980000 12
980000 14
990000 11
990000 12
990000 11
990000 12
990000 14
1000000 12
1000000 11
1000000 11
1000000 11
1000000 12
