1000 78
1000 45
1000 39
1000 30
1000 106
1000 45
1000 45
1000 18
1000 48
1000 50
1000 31
1000 30
1000 48
1000 25
1000 39
1000 40
1000 68
1000 71
1000 61
1000 46
1000 30
1000 38
1000 8
1000 38
1000 50
1000 65
1000 35
1000 22
1000 21
1000 77
1000 57
1000 47
1000 55
1000 49
1000 47
1000 63
1000 18
1000 16
1000 30
1000 63
1000 72
1000 16
1000 11
1000 55
1000 33
1000 13
1000 14
1000 17
1000 14
1000 46
2000 163
2000 35
2000 100
2000 58
2000 35
2000 18
2000 49
2000 82
2000 28
2000 48
2000 36
2000 65
2000 69
2000 71
2000 61
2000 94
2000 28
2000 38
2000 91
2000 82
2000 99
2000 57
2000 45
2000 104
2000 86
2000 58
2000 30
2000 63
2000 81
2000 16
2000 55
2000 33
2000 45
2000 93
2000 48
2000 51
2000 53
2000 83
2000 95
2000 73
2000 109
2000 34
2000 22
2000 28
2000 66
2000 20
2000 24
2000 66
2000 45
2000 70
3000 120
3000 26
3000 109
3000 31
3000 15
3000 36
3000 64
3000 56
3000 157
3000 31
3000 40
3000 89
3000 128
3000 55
3000 61
3000 102
3000 141
3000 28
3000 29
3000 42
3000 84
3000 74
3000 13
3000 65
3000 35
3000 41
3000 100
3000 53
3000 84
3000 71
3000 113
3000 13
3000 64
3000 88
3000 40
3000 61
3000 53
3000 50
3000 59
3000 116
3000 42
3000 12
3000 91
3000 74
3000 103
3000 40
3000 37
3000 107
3000 26
3000 32
4000 164
4000 34
4000 144
4000 48
4000 18
4000 49
4000 79
4000 67
4000 47
4000 66
4000 150
4000 53
4000 105
4000 51
4000 128
4000 153
4000 136
4000 150
4000 58
4000 41
4000 137
4000 73
4000 78
4000 95
4000 48
4000 50
4000 59
4000 97
4000 95
4000 65
4000 100
4000 83
4000 65
4000 57
4000 57
4000 53
4000 194
4000 22
4000 120
4000 17
4000 77
4000 33
4000 61
4000 53
4000 53
4000 19
4000 111
4000 92
4000 139
4000 64
5000 135
5000 114
5000 66
5000 41
5000 146
5000 56
5000 64
5000 6
5000 95
5000 143
5000 108
5000 53
5000 241
5000 105
5000 118
5000 69
5000 65
5000 92
5000 112
5000 108
5000 65
5000 16
5000 53
5000 16
5000 115
5000 79
5000 50
5000 74
5000 40
5000 82
5000 131
5000 75
5000 63
5000 39
5000 102
5000 64
5000 141
5000 45
5000 130
5000 80
5000 165
5000 63
5000 127
5000 171
5000 29
5000 107
5000 54
5000 38
5000 93
5000 153
6000 123
6000 153
6000 21
6000 45
6000 62
6000 62
6000 80
6000 153
6000 110
6000 99
6000 172
6000 127
6000 68
6000 43
6000 101
6000 166
6000 82
6000 102
6000 135
6000 65
6000 116
6000 12
6000 93
6000 92
6000 63
6000 102
6000 69
6000 148
6000 81
6000 73
6000 110
6000 42
6000 95
6000 76
6000 118
6000 50
6000 80
6000 51
6000 109
6000 40
6000 175
6000 89
6000 131
6000 130
6000 131
6000 153
6000 128
6000 61
6000 148
6000 35
7000 138
7000 49
7000 142
7000 15
7000 68
7000 44
7000 57
7000 101
7000 149
7000 111
7000 65
7000 101
7000 63
7000 146
7000 142
7000 261
7000 124
7000 167
7000 133
7000 43
7000 155
7000 129
7000 51
7000 35
7000 112
7000 55
7000 46
7000 75
7000 55
7000 69
7000 84
7000 19
7000 96
7000 77
7000 91
7000 87
7000 163
7000 41
7000 157
7000 22
7000 41
7000 75
7000 66
7000 74
7000 62
7000 97
7000 43
7000 211
7000 111
7000 106
8000 165
8000 62
8000 123
8000 37
8000 18
8000 79
8000 50
8000 65
8000 112
8000 153
8000 53
8000 113
8000 168
8000 213
8000 115
8000 132
8000 33
8000 40
8000 137
8000 151
8000 97
8000 46
8000 52
8000 136
8000 179
8000 100
8000 111
8000 93
8000 129
8000 187
8000 142
8000 78
8000 146
8000 88
8000 112
8000 77
8000 156
8000 75
8000 174
8000 143
8000 73
8000 86
8000 104
8000 113
8000 47
8000 262
8000 119
8000 169
8000 164
8000 125
9000 114
9000 115
9000 121
9000 67
9000 110
9000 284
9000 103
9000 209
9000 53
9000 49
9000 172
9000 232
9000 111
9000 200
9000 49
9000 59
9000 157
9000 70
9000 54
9000 153
9000 103
9000 52
9000 179
9000 175
9000 142
9000 116
9000 72
9000 51
9000 154
9000 115
9000 175
9000 75
9000 244
9000 144
9000 46
9000 237
9000 189
9000 51
9000 116
9000 98
9000 111
9000 55
9000 93
9000 133
9000 142
9000 220
9000 13
9000 25
9000 170
9000 111
10000 187
10000 50
10000 13
10000 173
10000 215
10000 176
10000 102
10000 120
10000 122
10000 111
10000 124
10000 98
10000 112
10000 82
10000 93
10000 100
10000 68
10000 56
10000 132
10000 21
10000 205
10000 156
10000 75
10000 147
10000 81
10000 107
10000 63
10000 289
10000 68
10000 192
10000 46
10000 143
10000 92
10000 113
10000 95
10000 116
10000 85
10000 54
10000 52
10000 82
10000 251
10000 142
10000 54
10000 95
10000 123
10000 112
10000 60
10000 47
10000 171
10000 147
11000 209
11000 94
11000 108
11000 88
11000 144
11000 102
11000 162
11000 108
11000 135
11000 148
11000 97
11000 99
11000 111
11000 101
11000 150
11000 33
11000 112
11000 78
11000 56
11000 150
11000 207
11000 90
11000 79
11000 41
11000 169
11000 170
11000 122
11000 66
11000 260
11000 132
11000 122
11000 178
11000 218
11000 114
11000 257
11000 115
11000 124
11000 124
11000 196
11000 110
11000 103
11000 88
11000 76
11000 137
11000 126
11000 75
11000 110
11000 202
11000 305
11000 169
12000 116
12000 179
12000 77
12000 95
12000 76
12000 165
12000 320
12000 99
12000 137
12000 157
12000 104
12000 204
12000 70
12000 116
12000 93
12000 123
12000 112
12000 149
12000 241
12000 119
12000 46
12000 73
12000 83
12000 52
12000 98
12000 73
12000 144
12000 170
12000 91
12000 290
12000 103
12000 226
12000 260
12000 125
12000 60
12000 150
12000 36
12000 62
12000 122
12000 66
12000 200
12000 348
12000 178
12000 67
12000 88
12000 205
12000 85
12000 62
12000 51
12000 25
13000 130
13000 199
13000 62
13000 107
13000 167
13000 71
13000 196
13000 156
13000 259
13000 44
13000 121
13000 116
13000 71
13000 197
13000 135
13000 218
13000 61
13000 140
13000 68
13000 108
13000 176
13000 76
13000 256
13000 63
13000 268
13000 220
13000 88
13000 91
13000 216
13000 150
13000 138
13000 187
13000 146
13000 103
13000 67
13000 191
13000 80
13000 138
13000 140
13000 60
13000 97
13000 271
13000 210
13000 112
13000 54
13000 114
13000 97
13000 97
13000 142
13000 70
14000 144
14000 168
14000 33
14000 14
14000 45
14000 73
14000 55
14000 194
14000 29
14000 175
14000 149
14000 175
14000 159
14000 233
14000 123
14000 166
14000 131
14000 133
14000 109
14000 136
14000 79
14000 61
14000 94
14000 74
14000 117
14000 79
14000 188
14000 90
14000 245
14000 127
14000 79
14000 102
14000 62
14000 83
14000 87
14000 126
14000 88
14000 170
14000 234
14000 252
14000 265
14000 189
14000 171
14000 45
14000 61
14000 172
14000 123
14000 68
14000 89
14000 156
15000 152
15000 63
15000 116
15000 53
15000 74
15000 47
15000 80
15000 195
15000 35
15000 48
15000 225
15000 187
15000 127
15000 175
15000 205
15000 149
15000 151
15000 148
15000 151
15000 109
15000 142
15000 152
15000 57
15000 128
15000 130
15000 76
15000 33
15000 189
15000 106
15000 94
15000 153
15000 126
15000 89
15000 44
15000 84
15000 111
15000 119
15000 146
15000 93
15000 184
15000 85
15000 161
15000 155
15000 124
15000 65
15000 206
15000 147
15000 68
15000 227
15000 83
16000 165
16000 64
16000 120
16000 37
16000 97
16000 51
16000 99
16000 196
16000 35
16000 189
16000 267
16000 160
16000 186
16000 206
16000 139
16000 96
16000 100
16000 155
16000 164
16000 117
16000 301
16000 125
16000 82
16000 140
16000 202
16000 257
16000 76
16000 165
16000 148
16000 95
16000 138
16000 117
16000 128
16000 138
16000 116
16000 196
16000 96
16000 337
16000 124
16000 71
16000 217
16000 158
16000 70
16000 199
16000 45
16000 79
16000 107
16000 54
16000 169
16000 189
17000 192
17000 92
17000 204
17000 197
17000 148
17000 130
17000 182
17000 87
17000 119
17000 86
17000 118
17000 166
17000 161
17000 155
17000 128
17000 56
17000 171
17000 112
17000 59
17000 153
17000 79
17000 94
17000 181
17000 173
17000 133
17000 137
17000 132
17000 52
17000 302
17000 73
17000 262
17000 74
17000 32
17000 73
17000 188
17000 245
17000 126
17000 183
17000 79
17000 76
17000 174
17000 133
17000 268
17000 165
17000 107
17000 133
17000 89
17000 27
17000 188
17000 139
18000 89
18000 179
18000 25
18000 230
18000 236
18000 97
18000 84
18000 194
18000 112
18000 81
18000 127
18000 251
18000 34
18000 41
18000 299
18000 167
18000 348
18000 73
18000 65
18000 177
18000 215
18000 290
18000 118
18000 117
18000 181
18000 209
18000 244
18000 107
18000 217
18000 180
18000 264
18000 135
18000 163
18000 250
18000 225
18000 195
18000 212
18000 153
18000 249
18000 26
18000 135
18000 123
18000 176
18000 239
18000 165
18000 103
18000 54
18000 211
18000 132
18000 143
19000 97
19000 187
19000 35
19000 48
19000 202
19000 321
19000 108
19000 121
19000 79
19000 128
19000 88
19000 136
19000 136
19000 111
19000 250
19000 180
19000 305
19000 165
19000 171
19000 221
19000 333
19000 221
19000 150
19000 60
19000 50
19000 66
19000 115
19000 202
19000 440
19000 67
19000 72
19000 183
19000 190
19000 144
19000 221
19000 143
19000 306
19000 161
19000 319
19000 263
19000 247
19000 26
19000 216
19000 146
19000 159
19000 392
19000 178
19000 137
19000 50
19000 106
20000 104
20000 155
20000 134
20000 137
20000 53
20000 278
20000 107
20000 277
20000 226
20000 55
20000 103
20000 74
20000 190
20000 123
20000 218
20000 300
20000 96
20000 58
20000 199
20000 92
20000 52
20000 245
20000 104
20000 185
20000 41
20000 289
20000 131
20000 58
20000 62
20000 35
20000 243
20000 335
20000 125
20000 89
20000 187
20000 115
20000 128
20000 220
20000 308
20000 106
20000 226
20000 191
20000 272
20000 99
20000 265
20000 290
20000 222
20000 150
20000 169
20000 113
21000 225
21000 200
21000 105
21000 323
21000 123
21000 343
21000 212
21000 113
21000 135
21000 203
21000 217
21000 134
21000 261
21000 256
21000 190
21000 83
21000 237
21000 258
21000 419
21000 93
21000 52
21000 109
21000 256
21000 283
21000 187
21000 22
21000 80
21000 74
21000 207
21000 32
21000 46
21000 22
21000 63
21000 232
21000 144
21000 157
21000 144
21000 245
21000 81
21000 182
21000 242
21000 240
21000 150
21000 268
21000 255
21000 101
21000 108
21000 130
21000 259
21000 164
22000 149
22000 264
22000 64
22000 140
22000 286
22000 400
22000 101
22000 346
22000 77
22000 114
22000 116
22000 78
22000 63
22000 283
22000 186
22000 95
22000 28
22000 146
22000 277
22000 75
22000 244
22000 291
22000 110
22000 374
22000 132
22000 113
22000 119
22000 50
22000 69
22000 117
22000 287
22000 91
22000 100
22000 199
22000 119
22000 139
22000 250
22000 56
22000 266
22000 227
22000 289
22000 188
22000 234
22000 115
22000 370
22000 150
22000 370
22000 146
22000 143
22000 216
23000 284
23000 199
23000 39
23000 175
23000 370
23000 340
23000 54
23000 144
23000 285
23000 148
23000 177
23000 157
23000 151
23000 158
23000 158
23000 28
23000 141
23000 125
23000 153
23000 100
23000 286
23000 88
23000 205
23000 333
23000 52
23000 180
23000 64
23000 360
23000 133
23000 288
23000 160
23000 334
23000 150
23000 194
23000 435
23000 115
23000 354
23000 118
23000 94
23000 322
23000 110
23000 376
23000 72
23000 110
23000 245
23000 181
23000 162
23000 122
23000 135
23000 214
24000 110
24000 237
24000 104
24000 65
24000 156
24000 314
24000 120
24000 135
24000 247
24000 140
24000 232
24000 103
24000 232
24000 254
24000 272
24000 245
24000 30
24000 345
24000 132
24000 81
24000 214
24000 92
24000 472
24000 183
24000 250
24000 76
24000 125
24000 394
24000 312
24000 107
24000 121
24000 65
24000 128
24000 217
24000 357
24000 155
24000 172
24000 257
24000 121
24000 216
24000 237
24000 101
24000 439
24000 295
24000 137
24000 267
24000 193
24000 77
24000 116
24000 126
25000 120
25000 190
25000 60
25000 146
25000 34
25000 156
25000 329
25000 150
25000 129
25000 159
25000 133
25000 237
25000 182
25000 283
25000 87
25000 154
25000 183
25000 91
25000 294
25000 37
25000 161
25000 133
25000 179
25000 93
25000 79
25000 154
25000 304
25000 218
25000 336
25000 159
25000 41
25000 62
25000 117
25000 137
25000 298
25000 298
25000 162
25000 116
25000 204
25000 154
25000 143
25000 336
25000 132
25000 181
25000 197
25000 204
25000 201
25000 194
25000 254
25000 122
26000 132
26000 251
26000 109
26000 378
26000 325
26000 147
26000 428
26000 258
26000 99
26000 114
26000 132
26000 91
26000 264
26000 274
26000 200
26000 37
26000 153
26000 302
26000 105
26000 80
26000 161
26000 215
26000 194
26000 295
26000 153
26000 198
26000 70
26000 129
26000 139
26000 55
26000 117
26000 336
26000 145
26000 104
26000 122
26000 90
26000 97
26000 212
26000 160
26000 502
26000 187
26000 180
26000 560
26000 256
26000 225
26000 158
26000 207
26000 251
26000 88
26000 193
27000 321
27000 124
27000 68
27000 276
27000 351
27000 139
27000 379
27000 72
27000 165
27000 260
27000 234
27000 138
27000 152
27000 311
27000 163
27000 238
27000 120
27000 234
27000 196
27000 103
27000 86
27000 166
27000 214
27000 203
27000 303
27000 269
27000 101
27000 76
27000 228
27000 244
27000 349
27000 250
27000 38
27000 104
27000 97
27000 140
27000 163
27000 88
27000 179
27000 227
27000 185
27000 186
27000 203
27000 310
27000 270
27000 287
27000 130
27000 301
27000 239
27000 230
28000 456
28000 119
28000 340
28000 232
28000 138
28000 342
28000 125
28000 158
28000 134
28000 145
28000 106
28000 148
28000 229
28000 507
28000 283
28000 217
28000 114
28000 103
28000 147
28000 99
28000 84
28000 178
28000 383
28000 189
28000 282
28000 76
28000 209
28000 70
28000 95
28000 43
28000 318
28000 422
28000 191
28000 67
28000 108
28000 316
28000 104
28000 65
28000 28
28000 214
28000 269
28000 337
28000 205
28000 338
28000 328
28000 213
28000 163
28000 401
28000 245
28000 193
29000 205
29000 140
29000 131
29000 78
29000 192
29000 82
29000 373
29000 168
29000 330
29000 133
29000 180
29000 142
29000 204
29000 206
29000 139
29000 93
29000 76
29000 311
29000 105
29000 237
29000 113
29000 127
29000 93
29000 171
29000 199
29000 114
29000 89
29000 171
29000 255
29000 181
29000 113
29000 192
29000 135
29000 70
29000 182
29000 46
29000 162
29000 48
29000 152
29000 159
29000 156
29000 335
29000 196
29000 120
29000 104
29000 105
29000 417
29000 339
29000 206
29000 274
30000 147
30000 63
30000 165
30000 69
30000 45
30000 74
30000 207
30000 308
30000 187
30000 123
30000 179
30000 200
30000 153
30000 221
30000 84
30000 214
30000 191
30000 154
30000 185
30000 327
30000 109
30000 94
30000 258
30000 132
30000 90
30000 293
30000 127
30000 85
30000 96
30000 186
30000 245
30000 156
30000 183
30000 353
30000 192
30000 111
30000 175
30000 51
30000 161
30000 70
30000 138
30000 488
30000 191
30000 157
30000 331
30000 112
30000 72
30000 31
30000 97
30000 340
31000 155
31000 225
31000 93
31000 51
31000 81
31000 202
31000 84
31000 395
31000 158
31000 179
31000 198
31000 139
31000 330
31000 231
31000 157
31000 48
31000 158
31000 185
31000 135
31000 196
31000 247
31000 232
31000 148
31000 91
31000 186
31000 220
31000 122
31000 94
31000 192
31000 284
31000 197
31000 154
31000 404
31000 192
31000 46
31000 183
31000 51
31000 245
31000 268
31000 430
31000 155
31000 370
31000 100
31000 119
31000 100
31000 207
31000 246
31000 78
31000 370
31000 237
32000 163
32000 316
32000 51
32000 177
32000 233
32000 385
32000 160
32000 184
32000 204
32000 139
32000 196
32000 154
32000 162
32000 119
32000 320
32000 105
32000 89
32000 134
32000 218
32000 237
32000 242
32000 149
32000 98
32000 257
32000 171
32000 108
32000 100
32000 196
32000 292
32000 367
32000 180
32000 230
32000 248
32000 240
32000 172
32000 217
32000 407
32000 181
32000 126
32000 261
32000 116
32000 130
32000 123
32000 74
32000 199
32000 291
32000 227
32000 292
32000 167
32000 381
33000 182
33000 468
33000 282
33000 111
33000 316
33000 261
33000 314
33000 118
33000 130
33000 198
33000 294
33000 231
33000 655
33000 159
33000 255
33000 248
33000 228
33000 261
33000 404
33000 239
33000 185
33000 84
33000 281
33000 151
33000 270
33000 293
33000 117
33000 153
33000 290
33000 275
33000 342
33000 129
33000 341
33000 245
33000 340
33000 285
33000 305
33000 375
33000 115
33000 65
33000 246
33000 139
33000 292
33000 196
33000 24
33000 88
33000 640
33000 542
33000 401
33000 59
34000 411
34000 61
34000 264
34000 251
34000 48
34000 189
34000 184
34000 249
34000 307
34000 492
34000 242
34000 229
34000 265
34000 187
34000 72
34000 84
34000 110
34000 305
34000 328
34000 429
34000 393
34000 179
34000 272
34000 86
34000 320
34000 175
34000 266
34000 125
34000 372
34000 77
34000 127
34000 180
34000 107
34000 107
34000 308
34000 402
34000 277
34000 443
34000 207
34000 147
34000 323
34000 521
34000 247
34000 318
34000 126
34000 400
34000 50
34000 217
34000 327
34000 154
35000 91
35000 203
35000 297
35000 134
35000 343
35000 115
35000 247
35000 182
35000 124
35000 333
35000 123
35000 74
35000 274
35000 282
35000 224
35000 411
35000 132
35000 306
35000 249
35000 317
35000 112
35000 287
35000 350
35000 229
35000 387
35000 283
35000 262
35000 227
35000 149
35000 173
35000 122
35000 175
35000 356
35000 254
35000 338
35000 463
35000 349
35000 442
35000 165
35000 334
35000 139
35000 251
35000 176
35000 226
35000 321
35000 315
35000 130
35000 227
35000 552
35000 396
36000 99
36000 277
36000 140
36000 251
36000 94
36000 234
36000 166
36000 83
36000 378
36000 47
36000 341
36000 250
36000 237
36000 300
36000 230
36000 331
36000 193
36000 259
36000 182
36000 224
36000 322
36000 72
36000 172
36000 252
36000 450
36000 496
36000 271
36000 230
36000 196
36000 81
36000 258
36000 174
36000 144
36000 373
36000 205
36000 264
36000 109
36000 39
36000 617
36000 142
36000 328
36000 297
36000 313
36000 158
36000 258
36000 346
36000 81
36000 284
36000 401
36000 216
37000 404
37000 389
37000 288
37000 192
37000 82
37000 166
37000 166
37000 113
37000 203
37000 409
37000 234
37000 85
37000 227
37000 354
37000 266
37000 75
37000 527
37000 148
37000 183
37000 204
37000 228
37000 149
37000 134
37000 184
37000 518
37000 453
37000 374
37000 265
37000 253
37000 155
37000 207
37000 336
37000 313
37000 121
37000 119
37000 431
37000 187
37000 405
37000 381
37000 383
37000 115
37000 172
37000 375
37000 77
37000 236
37000 174
37000 391
37000 119
37000 489
37000 353
38000 246
38000 168
38000 28
38000 226
38000 234
38000 294
38000 212
38000 439
38000 499
38000 129
38000 258
38000 134
38000 114
38000 171
38000 543
38000 58
38000 141
38000 103
38000 269
38000 190
38000 517
38000 238
38000 274
38000 143
38000 224
38000 235
38000 303
38000 318
38000 194
38000 293
38000 203
38000 371
38000 90
38000 129
38000 201
38000 107
38000 216
38000 138
38000 491
38000 180
38000 579
38000 198
38000 688
38000 404
38000 342
38000 415
38000 295
38000 48
38000 99
38000 383
39000 418
39000 103
39000 312
39000 204
39000 312
39000 129
39000 175
39000 259
39000 48
39000 502
39000 136
39000 270
39000 130
39000 109
39000 161
39000 475
39000 145
39000 153
39000 244
39000 313
39000 295
39000 353
39000 248
39000 140
39000 210
39000 74
39000 240
39000 231
39000 633
39000 171
39000 26
39000 201
39000 141
39000 169
39000 194
39000 236
39000 138
39000 339
39000 175
39000 131
39000 421
39000 198
39000 161
39000 350
39000 360
39000 345
39000 192
39000 193
39000 100
39000 336
40000 246
40000 89
40000 242
40000 233
40000 95
40000 288
40000 173
40000 110
40000 369
40000 115
40000 427
40000 99
40000 80
40000 143
40000 307
40000 126
40000 185
40000 128
40000 498
40000 168
40000 243
40000 257
40000 502
40000 91
40000 105
40000 233
40000 143
40000 211
40000 273
40000 436
40000 100
40000 294
40000 314
40000 30
40000 231
40000 139
40000 171
40000 247
40000 323
40000 345
40000 192
40000 259
40000 177
40000 98
40000 250
40000 270
40000 220
40000 355
40000 530
40000 173
41000 107
41000 237
41000 265
41000 337
41000 270
41000 194
41000 270
41000 249
41000 87
41000 368
41000 170
41000 142
41000 279
41000 97
41000 172
41000 183
41000 290
41000 280
41000 322
41000 143
41000 323
41000 138
41000 368
41000 134
41000 227
41000 304
41000 363
41000 475
41000 330
41000 358
41000 309
41000 249
41000 218
41000 220
41000 183
41000 213
41000 97
41000 184
41000 310
41000 135
41000 56
41000 109
41000 333
41000 361
41000 349
41000 213
41000 368
41000 173
41000 465
41000 209
42000 113
42000 245
42000 259
42000 260
42000 118
42000 342
42000 433
42000 162
42000 124
42000 369
42000 367
42000 246
42000 133
42000 129
42000 198
42000 520
42000 163
42000 274
42000 249
42000 288
42000 102
42000 303
42000 215
42000 239
42000 149
42000 390
42000 176
42000 482
42000 500
42000 132
42000 346
42000 224
42000 149
42000 188
42000 128
42000 160
42000 211
42000 324
42000 566
42000 302
42000 480
42000 407
42000 333
42000 390
42000 393
42000 77
42000 196
42000 281
42000 391
42000 373
43000 259
43000 97
43000 255
43000 289
43000 123
43000 338
43000 218
43000 386
43000 167
43000 343
43000 433
43000 185
43000 222
43000 130
43000 200
43000 597
43000 97
43000 172
43000 362
43000 407
43000 541
43000 240
43000 156
43000 571
43000 429
43000 517
43000 166
43000 276
43000 101
43000 156
43000 251
43000 304
43000 200
43000 202
43000 117
43000 197
43000 554
43000 494
43000 179
43000 201
43000 537
43000 241
43000 265
43000 111
43000 431
43000 536
43000 45
43000 379
43000 159
43000 229
44000 365
44000 288
44000 256
44000 112
44000 474
44000 250
44000 372
44000 61
44000 245
44000 340
44000 158
44000 277
44000 282
44000 204
44000 148
44000 537
44000 194
44000 602
44000 128
44000 27
44000 87
44000 74
44000 129
44000 322
44000 171
44000 382
44000 443
44000 188
44000 239
44000 109
44000 370
44000 193
44000 257
44000 104
44000 117
44000 231
44000 215
44000 193
44000 382
44000 309
44000 319
44000 309
44000 248
44000 176
44000 347
44000 397
44000 237
44000 211
44000 382
44000 446
45000 282
45000 102
45000 282
45000 376
45000 160
45000 341
45000 30
45000 539
45000 141
45000 361
45000 237
45000 91
45000 162
45000 204
45000 95
45000 195
45000 203
45000 142
45000 428
45000 255
45000 215
45000 165
45000 364
45000 594
45000 380
45000 171
45000 340
45000 267
45000 286
45000 240
45000 334
45000 655
45000 328
45000 178
45000 167
45000 198
45000 387
45000 115
45000 207
45000 513
45000 140
45000 321
45000 143
45000 514
45000 307
45000 297
45000 253
45000 192
45000 436
45000 307
46000 550
46000 383
46000 334
46000 281
46000 492
46000 182
46000 365
46000 450
46000 509
46000 232
46000 656
46000 88
46000 398
46000 131
46000 304
46000 424
46000 134
46000 225
46000 242
46000 275
46000 366
46000 295
46000 250
46000 112
46000 310
46000 346
46000 30
46000 340
46000 238
46000 170
46000 163
46000 203
46000 418
46000 120
46000 255
46000 159
46000 273
46000 54
46000 549
46000 412
46000 396
46000 398
46000 450
46000 407
46000 306
46000 352
46000 467
46000 353
46000 56
46000 281
47000 131
47000 684
47000 173
47000 137
47000 376
47000 248
47000 443
47000 152
47000 376
47000 254
47000 97
47000 71
47000 317
47000 306
47000 400
47000 395
47000 177
47000 191
47000 283
47000 362
47000 327
47000 418
47000 308
47000 299
47000 251
47000 314
47000 398
47000 108
47000 443
47000 237
47000 35
47000 336
47000 281
47000 136
47000 269
47000 103
47000 150
47000 200
47000 59
47000 225
47000 174
47000 165
47000 143
47000 567
47000 206
47000 441
47000 482
47000 334
47000 279
47000 109
48000 116
48000 290
48000 203
48000 494
48000 398
48000 246
48000 555
48000 70
48000 371
48000 457
48000 272
48000 104
48000 213
48000 373
48000 294
48000 159
48000 179
48000 65
48000 117
48000 285
48000 298
48000 199
48000 331
48000 283
48000 321
48000 282
48000 192
48000 377
48000 504
48000 273
48000 462
48000 367
48000 127
48000 262
48000 217
48000 216
48000 172
48000 255
48000 129
48000 239
48000 171
48000 147
48000 629
48000 331
48000 399
48000 310
48000 383
48000 434
48000 218
48000 291
49000 264
49000 242
49000 116
49000 379
49000 137
49000 512
49000 384
49000 187
49000 151
49000 386
49000 274
49000 173
49000 325
49000 104
49000 217
49000 384
49000 123
49000 410
49000 159
49000 258
49000 296
49000 338
49000 480
49000 243
49000 327
49000 134
49000 261
49000 350
49000 264
49000 270
49000 604
49000 221
49000 29
49000 271
49000 309
49000 222
49000 162
49000 213
49000 171
49000 281
49000 348
49000 193
49000 349
49000 420
49000 210
49000 435
49000 436
49000 455
49000 406
49000 206
50000 314
50000 220
50000 182
50000 318
50000 375
50000 315
50000 536
50000 55
50000 143
50000 388
50000 271
50000 113
50000 74
50000 319
50000 178
50000 148
50000 96
50000 332
50000 393
50000 198
50000 73
50000 525
50000 348
50000 609
50000 145
50000 351
50000 299
50000 190
50000 303
50000 532
50000 194
50000 211
50000 445
50000 38
50000 284
50000 349
50000 189
50000 177
50000 210
50000 191
50000 198
50000 192
50000 232
50000 364
50000 208
50000 131
50000 358
50000 149
50000 409
50000 429
51000 531
51000 338
51000 183
51000 153
51000 467
51000 112
51000 692
51000 159
51000 284
51000 499
51000 283
51000 185
51000 156
51000 98
51000 378
51000 386
51000 193
51000 62
51000 128
51000 316
51000 328
51000 227
51000 135
51000 286
51000 90
51000 161
51000 346
51000 134
51000 266
51000 88
51000 400
51000 220
51000 262
51000 396
51000 383
51000 38
51000 374
51000 177
51000 397
51000 267
51000 146
51000 347
51000 135
51000 155
51000 460
51000 166
51000 213
51000 355
51000 148
51000 554
52000 314
52000 218
52000 209
52000 443
52000 184
52000 278
52000 401
52000 360
52000 356
52000 278
52000 220
52000 106
52000 72
52000 396
52000 97
52000 160
52000 100
52000 109
52000 236
52000 535
52000 90
52000 68
52000 131
52000 138
52000 169
52000 470
52000 224
52000 91
52000 301
52000 173
52000 359
52000 306
52000 184
52000 319
52000 249
52000 283
52000 414
52000 472
52000 395
52000 139
52000 37
52000 458
52000 216
52000 170
52000 284
52000 379
52000 494
52000 262
52000 492
52000 610
53000 130
53000 268
53000 40
53000 639
53000 569
53000 26
53000 275
53000 539
53000 301
53000 284
53000 213
53000 184
53000 254
53000 210
53000 241
53000 103
53000 309
53000 317
53000 167
53000 199
53000 70
53000 123
53000 136
53000 176
53000 434
53000 595
53000 263
53000 355
53000 138
53000 275
53000 414
53000 332
53000 295
53000 390
53000 385
53000 489
53000 139
53000 442
53000 305
53000 196
53000 202
53000 60
53000 142
53000 299
53000 347
53000 373
53000 353
53000 161
53000 210
53000 236
54000 137
54000 312
54000 327
54000 337
54000 160
54000 577
54000 37
54000 127
54000 281
54000 222
54000 394
54000 261
54000 443
54000 308
54000 186
54000 170
54000 416
54000 322
54000 280
54000 103
54000 71
54000 466
54000 353
54000 253
54000 450
54000 167
54000 393
54000 222
54000 305
54000 794
54000 222
54000 364
54000 436
54000 399
54000 340
54000 437
54000 229
54000 465
54000 232
54000 195
54000 348
54000 164
54000 71
54000 160
54000 304
54000 483
54000 203
54000 504
54000 430
54000 338
55000 336
55000 128
55000 663
55000 440
55000 342
55000 138
55000 503
55000 375
55000 292
55000 218
55000 122
55000 89
55000 372
55000 175
55000 164
55000 510
55000 613
55000 94
55000 129
55000 326
55000 468
55000 504
55000 171
55000 478
55000 212
55000 475
55000 826
55000 138
55000 375
55000 426
55000 35
55000 320
55000 454
55000 264
55000 278
55000 346
55000 276
55000 366
55000 191
55000 168
55000 246
55000 145
55000 457
55000 498
55000 486
55000 305
55000 254
55000 483
55000 798
55000 460
56000 452
56000 666
56000 156
56000 400
56000 72
56000 305
56000 244
56000 552
56000 342
56000 288
56000 340
56000 237
56000 123
56000 236
56000 489
56000 449
56000 283
56000 142
56000 145
56000 325
56000 368
56000 554
56000 120
56000 96
56000 405
56000 202
56000 416
56000 324
56000 554
56000 513
56000 435
56000 39
56000 406
56000 154
56000 283
56000 255
56000 537
56000 209
56000 143
56000 300
56000 199
56000 344
56000 220
56000 336
56000 192
56000 519
56000 516
56000 455
56000 348
56000 135
57000 347
57000 137
57000 501
57000 207
57000 436
57000 176
57000 303
57000 553
57000 169
57000 521
57000 199
57000 129
57000 84
57000 355
57000 202
57000 177
57000 449
57000 331
57000 282
57000 108
57000 209
57000 147
57000 334
57000 474
57000 248
57000 155
57000 170
57000 176
57000 338
57000 217
57000 411
57000 337
57000 352
57000 302
57000 566
57000 326
57000 38
57000 432
57000 153
57000 184
57000 169
57000 203
57000 255
57000 209
57000 295
57000 159
57000 268
57000 252
57000 175
57000 688
58000 485
58000 123
58000 145
58000 449
58000 175
58000 154
58000 314
58000 312
58000 266
58000 292
58000 283
58000 422
58000 222
58000 221
58000 377
58000 193
58000 180
58000 251
58000 178
58000 152
58000 371
58000 226
58000 518
58000 171
58000 346
58000 295
58000 321
58000 284
58000 335
58000 212
58000 425
58000 473
58000 246
58000 322
58000 141
58000 494
58000 271
58000 40
58000 430
58000 354
58000 181
58000 203
58000 249
58000 218
58000 304
58000 162
58000 310
58000 206
58000 176
58000 252
59000 152
59000 298
59000 43
59000 348
59000 487
59000 449
59000 255
59000 136
59000 311
59000 240
59000 431
59000 290
59000 218
59000 338
59000 263
59000 135
59000 357
59000 391
59000 473
59000 232
59000 515
59000 176
59000 428
59000 249
59000 257
59000 184
59000 188
59000 336
59000 215
59000 312
59000 413
59000 397
59000 378
59000 593
59000 291
59000 348
59000 215
59000 248
59000 175
59000 333
59000 123
59000 223
59000 228
59000 494
59000 255
59000 344
59000 73
59000 485
59000 214
59000 273
60000 150
60000 349
60000 389
60000 364
60000 153
60000 425
60000 256
60000 153
60000 263
60000 291
60000 185
60000 564
60000 225
60000 139
60000 91
60000 390
60000 137
60000 374
60000 395
60000 613
60000 335
60000 160
60000 206
60000 493
60000 432
60000 348
60000 179
60000 338
60000 211
60000 446
60000 355
60000 714
60000 481
60000 465
60000 44
60000 342
60000 213
60000 100
60000 151
60000 180
60000 209
60000 254
60000 205
60000 329
60000 166
60000 326
60000 379
60000 427
60000 831
60000 275
61000 151
61000 365
61000 341
61000 391
61000 178
61000 481
61000 328
61000 601
61000 173
61000 335
61000 228
61000 221
61000 239
61000 388
61000 214
61000 300
61000 417
61000 497
61000 235
61000 231
61000 158
61000 203
61000 567
61000 136
61000 471
61000 106
61000 196
61000 339
61000 221
61000 333
61000 597
61000 501
61000 146
61000 431
61000 464
61000 44
61000 459
61000 163
61000 49
61000 149
61000 180
61000 214
61000 261
61000 233
61000 312
61000 282
61000 219
61000 394
61000 197
61000 247
62000 338
62000 310
62000 268
62000 371
62000 178
62000 492
62000 332
62000 279
62000 154
62000 161
62000 187
62000 552
62000 253
62000 147
62000 223
62000 273
62000 215
62000 313
62000 368
62000 363
62000 193
62000 237
62000 232
62000 382
62000 398
62000 172
62000 143
62000 467
62000 113
62000 194
62000 358
62000 229
62000 336
62000 476
62000 635
62000 576
62000 459
62000 45
62000 466
62000 481
62000 288
62000 264
62000 227
62000 312
62000 170
62000 331
62000 535
62000 137
62000 175
62000 425
63000 344
63000 309
63000 246
63000 409
63000 161
63000 438
63000 80
63000 194
63000 490
63000 255
63000 194
63000 561
63000 259
63000 242
63000 306
63000 136
63000 109
63000 390
63000 377
63000 361
63000 322
63000 112
63000 401
63000 352
63000 509
63000 77
63000 459
63000 336
63000 363
63000 228
63000 335
63000 486
63000 393
63000 343
63000 568
63000 412
63000 372
63000 141
63000 493
63000 213
63000 308
63000 181
63000 414
63000 169
63000 298
63000 459
63000 276
63000 174
63000 627
63000 543
64000 162
64000 502
64000 273
64000 384
64000 161
64000 186
64000 539
64000 435
64000 323
64000 194
64000 351
64000 478
64000 245
64000 417
64000 144
64000 400
64000 432
64000 524
64000 246
64000 240
64000 169
64000 220
64000 403
64000 183
64000 147
64000 467
64000 138
64000 201
64000 363
64000 230
64000 340
64000 120
64000 378
64000 401
64000 349
64000 703
64000 224
64000 104
64000 357
64000 397
64000 288
64000 223
64000 275
64000 241
64000 377
64000 123
64000 346
64000 220
64000 191
64000 199
65000 167
65000 324
65000 188
65000 283
65000 388
65000 185
65000 165
65000 510
65000 360
65000 443
65000 200
65000 502
65000 338
65000 148
65000 96
65000 191
65000 226
65000 228
65000 325
65000 144
65000 296
65000 532
65000 252
65000 245
65000 176
65000 220
65000 415
65000 187
65000 148
65000 126
65000 114
65000 375
65000 202
65000 374
65000 234
65000 346
65000 119
65000 520
65000 269
65000 353
65000 513
65000 427
65000 108
65000 367
65000 292
65000 331
65000 213
65000 325
65000 273
65000 344
66000 202
66000 79
66000 429
66000 236
66000 358
66000 315
66000 260
66000 400
66000 358
66000 573
66000 180
66000 442
66000 508
66000 220
66000 119
66000 552
66000 327
66000 320
66000 383
66000 278
66000 208
66000 194
66000 456
66000 575
66000 291
66000 526
66000 301
66000 519
66000 378
66000 336
66000 289
66000 377
66000 692
66000 250
66000 423
66000 294
66000 291
66000 240
66000 124
66000 766
66000 306
66000 46
66000 140
66000 366
66000 164
66000 74
66000 286
66000 420
66000 590
66000 188
67000 278
67000 400
67000 276
67000 221
67000 491
67000 261
67000 184
67000 348
67000 364
67000 506
67000 420
67000 684
67000 268
67000 198
67000 432
67000 625
67000 182
67000 256
67000 319
67000 562
67000 703
67000 249
67000 347
67000 419
67000 447
67000 6
67000 582
67000 210
67000 309
67000 317
67000 32
67000 212
67000 599
67000 579
67000 139
67000 146
67000 143
67000 172
67000 390
67000 248
67000 119
67000 471
67000 293
67000 324
67000 50
67000 251
67000 518
67000 581
67000 361
67000 385
68000 270
68000 407
68000 360
68000 15
68000 480
68000 104
68000 253
68000 312
68000 229
68000 365
68000 1173
68000 372
68000 168
68000 241
68000 251
68000 271
68000 778
68000 163
68000 253
68000 359
68000 175
68000 430
68000 667
68000 168
68000 97
68000 383
68000 518
68000 296
68000 414
68000 300
68000 72
68000 342
68000 360
68000 393
68000 442
68000 369
68000 167
68000 128
68000 248
68000 35
68000 424
68000 236
68000 277
68000 532
68000 643
68000 223
68000 272
68000 223
68000 83
68000 583
69000 606
69000 180
69000 385
69000 385
69000 148
69000 265
69000 390
69000 131
69000 535
69000 363
69000 67
69000 622
69000 438
69000 100
69000 221
69000 523
69000 205
69000 288
69000 273
69000 172
69000 267
69000 282
69000 229
69000 267
69000 145
69000 67
69000 182
69000 117
69000 353
69000 325
69000 538
69000 187
69000 161
69000 989
69000 127
69000 333
69000 314
69000 131
69000 481
69000 253
69000 437
69000 121
69000 332
69000 146
69000 165
69000 349
69000 288
69000 241
69000 669
69000 349
70000 90
70000 463
70000 517
70000 196
70000 320
70000 106
70000 330
70000 147
70000 417
70000 196
70000 703
70000 114
70000 194
70000 499
70000 180
70000 65
70000 123
70000 263
70000 392
70000 199
70000 336
70000 429
70000 123
70000 32
70000 282
70000 414
70000 416
70000 109
70000 287
70000 476
70000 463
70000 161
70000 606
70000 470
70000 362
70000 304
70000 404
70000 251
70000 217
70000 590
70000 526
70000 125
70000 412
70000 240
70000 78
70000 381
70000 285
70000 140
70000 382
70000 313
71000 645
71000 192
71000 367
71000 393
71000 148
71000 336
71000 267
71000 404
71000 786
71000 156
71000 234
71000 938
71000 175
71000 204
71000 350
71000 426
71000 532
71000 24
71000 269
71000 206
71000 299
71000 127
71000 298
71000 493
71000 183
71000 97
71000 236
71000 619
71000 202
71000 152
71000 322
71000 174
71000 359
71000 366
71000 587
71000 199
71000 279
71000 320
71000 616
71000 71
71000 162
71000 233
71000 215
71000 415
71000 342
71000 373
71000 528
71000 303
71000 314
71000 218
72000 366
72000 391
72000 477
72000 203
72000 384
72000 322
72000 148
72000 360
72000 297
72000 357
72000 185
72000 143
72000 380
72000 291
72000 685
72000 132
72000 224
72000 304
72000 381
72000 474
72000 165
72000 269
72000 396
72000 212
72000 128
72000 314
72000 378
72000 266
72000 437
72000 838
72000 323
72000 167
72000 555
72000 382
72000 409
72000 228
72000 548
72000 627
72000 225
72000 153
72000 321
72000 400
72000 371
72000 492
72000 68
72000 615
72000 611
72000 231
72000 377
72000 546
73000 232
73000 170
73000 384
73000 112
73000 303
73000 195
73000 368
73000 248
73000 206
73000 163
73000 385
73000 113
73000 293
73000 283
73000 186
73000 70
73000 328
73000 550
73000 202
73000 385
73000 159
73000 555
73000 364
73000 401
73000 196
73000 274
73000 512
73000 80
73000 129
73000 206
73000 301
73000 539
73000 671
73000 400
73000 464
73000 578
73000 649
73000 341
73000 38
73000 277
73000 596
73000 731
73000 299
73000 249
73000 417
73000 163
73000 203
73000 613
73000 703
73000 231
74000 376
74000 664
74000 294
74000 349
74000 449
74000 507
74000 126
74000 429
74000 430
74000 629
74000 504
74000 325
74000 735
74000 370
74000 394
74000 154
74000 301
74000 547
74000 78
74000 132
74000 189
74000 82
74000 204
74000 526
74000 223
74000 119
74000 302
74000 468
74000 337
74000 528
74000 490
74000 362
74000 343
74000 35
74000 307
74000 595
74000 502
74000 171
74000 395
74000 342
74000 392
74000 319
74000 589
74000 332
74000 556
74000 496
74000 73
74000 83
74000 270
74000 617
75000 677
75000 478
75000 550
75000 266
75000 339
75000 353
75000 129
75000 322
75000 248
75000 193
75000 265
75000 313
75000 322
75000 309
75000 72
75000 351
75000 569
75000 393
75000 625
75000 300
75000 196
75000 344
75000 207
75000 185
75000 292
75000 243
75000 457
75000 175
75000 609
75000 595
75000 129
75000 628
75000 214
75000 363
75000 329
75000 49
75000 313
75000 564
75000 345
75000 256
75000 47
75000 194
75000 280
75000 35
75000 206
75000 94
75000 403
75000 328
75000 598
75000 281
76000 621
76000 180
76000 375
76000 168
76000 425
76000 520
76000 247
76000 369
76000 424
76000 402
76000 71
76000 615
76000 588
76000 311
76000 223
76000 328
76000 259
76000 651
76000 160
76000 290
76000 283
76000 182
76000 168
76000 359
76000 77
76000 197
76000 597
76000 460
76000 625
76000 491
76000 10
76000 455
76000 334
76000 71
76000 370
76000 324
76000 153
76000 556
76000 192
76000 360
76000 337
76000 194
76000 277
76000 393
76000 356
76000 355
76000 741
76000 175
76000 296
76000 102
77000 489
77000 310
77000 303
77000 340
77000 374
77000 285
77000 565
77000 325
77000 468
77000 387
77000 69
77000 375
77000 537
77000 206
77000 195
77000 276
77000 232
77000 460
77000 413
77000 403
77000 136
77000 324
77000 416
77000 232
77000 390
77000 704
77000 336
77000 443
77000 783
77000 486
77000 253
77000 305
77000 76
77000 419
77000 325
77000 264
77000 673
77000 823
77000 188
77000 217
77000 130
77000 159
77000 316
77000 393
77000 490
77000 66
77000 680
77000 86
77000 417
77000 578
78000 400
78000 526
78000 427
78000 423
78000 43
78000 249
78000 364
78000 205
78000 182
78000 132
78000 324
78000 333
78000 252
78000 407
78000 326
78000 580
78000 401
78000 498
78000 399
78000 500
78000 176
78000 25
78000 306
78000 347
78000 519
78000 198
78000 479
78000 628
78000 677
78000 229
78000 348
78000 620
78000 343
78000 292
78000 513
78000 949
78000 651
78000 86
78000 460
78000 253
78000 137
78000 303
78000 415
78000 361
78000 485
78000 93
78000 401
78000 218
78000 337
78000 258
79000 324
79000 479
79000 306
79000 428
79000 489
79000 401
79000 139
79000 265
79000 607
79000 591
79000 342
79000 753
79000 121
79000 367
79000 343
79000 713
79000 307
79000 195
79000 303
79000 357
79000 262
79000 230
79000 122
79000 289
79000 154
79000 129
79000 284
79000 510
79000 499
79000 404
79000 259
79000 100
79000 468
79000 637
79000 396
79000 413
79000 740
79000 559
79000 94
79000 161
79000 308
79000 204
79000 109
79000 419
79000 321
79000 368
79000 213
79000 353
79000 356
79000 59
80000 264
80000 92
80000 468
80000 128
80000 433
80000 233
80000 276
80000 264
80000 390
80000 214
80000 183
80000 450
80000 345
80000 206
80000 62
80000 141
80000 103
80000 891
80000 66
80000 127
80000 409
80000 483
80000 508
80000 486
80000 164
80000 301
80000 350
80000 145
80000 170
80000 392
80000 302
80000 443
80000 101
80000 398
80000 606
80000 262
80000 188
80000 356
80000 482
80000 185
80000 459
80000 517
80000 49
80000 666
80000 290
80000 512
80000 311
80000 256
80000 59
80000 218
81000 331
81000 504
81000 323
81000 567
81000 246
81000 405
81000 178
81000 223
81000 188
81000 92
81000 528
81000 385
81000 76
81000 678
81000 159
81000 519
81000 395
81000 212
81000 737
81000 679
81000 31
81000 211
81000 244
81000 188
81000 135
81000 169
81000 362
81000 109
81000 212
81000 544
81000 321
81000 417
81000 703
81000 252
81000 702
81000 403
81000 380
81000 274
81000 48
81000 108
81000 712
81000 627
81000 155
81000 206
81000 273
81000 274
81000 161
81000 383
81000 475
81000 470
82000 762
82000 201
82000 341
82000 627
82000 459
82000 319
82000 470
82000 474
82000 492
82000 859
82000 314
82000 418
82000 165
82000 211
82000 298
82000 230
82000 211
82000 643
82000 33
82000 314
82000 356
82000 229
82000 89
82000 162
82000 283
82000 369
82000 152
82000 310
82000 405
82000 462
82000 422
82000 194
82000 517
82000 510
82000 240
82000 410
82000 383
82000 34
82000 507
82000 350
82000 725
82000 54
82000 392
82000 182
82000 393
82000 320
82000 289
82000 284
82000 631
82000 538
83000 640
83000 214
83000 326
83000 282
83000 463
83000 44
83000 304
83000 640
83000 242
83000 281
83000 305
83000 345
83000 223
83000 93
83000 275
83000 372
83000 594
83000 661
83000 370
83000 393
83000 473
83000 208
83000 314
83000 307
83000 356
83000 164
83000 203
83000 113
83000 788
83000 555
83000 458
83000 435
83000 364
83000 186
83000 352
83000 332
83000 92
83000 355
83000 411
83000 108
83000 803
83000 767
83000 238
83000 306
83000 272
83000 123
83000 361
83000 294
83000 790
83000 338
84000 403
84000 439
84000 123
84000 561
84000 421
84000 311
84000 373
84000 158
84000 265
84000 380
84000 290
84000 391
84000 71
84000 154
84000 121
84000 150
84000 282
84000 199
84000 340
84000 82
84000 362
84000 165
84000 371
84000 262
84000 348
84000 534
84000 193
84000 355
84000 364
84000 130
84000 182
84000 155
84000 206
84000 344
84000 707
84000 247
84000 417
84000 504
84000 223
84000 347
84000 206
84000 425
84000 329
84000 660
84000 146
84000 31
84000 260
84000 768
84000 865
84000 332
85000 424
85000 478
85000 545
85000 491
85000 41
85000 295
85000 398
85000 412
85000 143
85000 482
85000 442
85000 459
85000 418
85000 501
85000 132
85000 239
85000 160
85000 558
85000 497
85000 633
85000 346
85000 523
85000 336
85000 254
85000 310
85000 589
85000 305
85000 525
85000 789
85000 506
85000 314
85000 388
85000 92
85000 772
85000 252
85000 351
85000 840
85000 281
85000 95
85000 177
85000 175
85000 184
85000 207
85000 572
85000 361
85000 691
85000 696
85000 417
85000 293
85000 487
86000 459
86000 790
86000 339
86000 685
86000 691
86000 167
86000 137
86000 325
86000 323
86000 206
86000 507
86000 240
86000 842
86000 273
86000 317
86000 409
86000 485
86000 433
86000 465
86000 310
86000 380
86000 244
86000 345
86000 247
86000 273
86000 709
86000 694
86000 212
86000 451
86000 143
86000 535
86000 440
86000 755
86000 254
86000 816
86000 546
86000 154
86000 508
86000 311
86000 557
86000 368
86000 420
86000 248
86000 290
86000 84
86000 539
86000 197
86000 343
86000 273
86000 222
87000 268
87000 635
87000 146
87000 340
87000 231
87000 777
87000 391
87000 158
87000 287
87000 158
87000 324
87000 668
87000 513
87000 373
87000 369
87000 219
87000 240
87000 147
87000 573
87000 451
87000 592
87000 496
87000 614
87000 107
87000 488
87000 244
87000 595
87000 408
87000 499
87000 792
87000 256
87000 630
87000 368
87000 386
87000 648
87000 550
87000 322
87000 522
87000 148
87000 218
87000 185
87000 161
87000 228
87000 112
87000 315
87000 429
87000 438
87000 794
87000 318
87000 322
88000 537
88000 368
88000 497
88000 452
88000 188
88000 293
88000 424
88000 564
88000 333
88000 648
88000 83
88000 174
88000 116
88000 517
88000 677
88000 275
88000 159
88000 418
88000 284
88000 175
88000 363
88000 377
88000 197
88000 26
88000 326
88000 447
88000 275
88000 283
88000 134
88000 126
88000 303
88000 72
88000 477
88000 275
88000 155
88000 385
88000 570
88000 390
88000 200
88000 651
88000 354
88000 423
88000 411
88000 37
88000 119
88000 430
88000 685
88000 460
88000 52
88000 217
89000 462
89000 491
89000 378
89000 190
89000 846
89000 390
89000 430
89000 149
89000 331
89000 335
89000 305
89000 446
89000 568
89000 357
89000 84
89000 142
89000 293
89000 642
89000 650
89000 421
89000 197
89000 30
89000 335
89000 454
89000 290
89000 403
89000 497
89000 123
89000 311
89000 675
89000 733
89000 416
89000 608
89000 234
89000 381
89000 445
89000 413
89000 44
89000 256
89000 671
89000 465
89000 307
89000 103
89000 160
89000 312
89000 67
89000 233
89000 541
89000 430
89000 594
90000 466
90000 468
90000 512
90000 233
90000 423
90000 137
90000 364
90000 254
90000 156
90000 288
90000 160
90000 330
90000 703
90000 477
90000 366
90000 600
90000 148
90000 421
90000 685
90000 374
90000 622
90000 201
90000 327
90000 240
90000 501
90000 526
90000 244
90000 597
90000 418
90000 550
90000 470
90000 205
90000 363
90000 657
90000 384
90000 450
90000 415
90000 56
90000 376
90000 604
90000 484
90000 744
90000 204
90000 560
90000 186
90000 438
90000 679
90000 318
90000 473
90000 100
91000 470
91000 473
91000 130
91000 464
91000 513
91000 176
91000 353
91000 543
91000 299
91000 343
91000 717
91000 465
91000 540
91000 352
91000 315
91000 341
91000 422
91000 269
91000 384
91000 612
91000 159
91000 31
91000 268
91000 752
91000 100
91000 508
91000 266
91000 616
91000 313
91000 474
91000 59
91000 800
91000 398
91000 537
91000 127
91000 378
91000 509
91000 320
91000 67
91000 299
91000 300
91000 195
91000 341
91000 581
91000 392
91000 333
91000 251
91000 481
91000 516
91000 699
92000 274
92000 102
92000 756
92000 296
92000 642
92000 189
92000 346
92000 524
92000 164
92000 109
92000 408
92000 324
92000 305
92000 86
92000 172
92000 661
92000 790
92000 358
92000 570
92000 540
92000 496
92000 214
92000 34
92000 333
92000 570
92000 203
92000 168
92000 279
92000 337
92000 282
92000 322
92000 440
92000 394
92000 598
92000 205
92000 406
92000 600
92000 371
92000 100
92000 463
92000 370
92000 59
92000 984
92000 703
92000 144
92000 234
92000 206
92000 208
92000 364
92000 502
93000 125
93000 272
93000 607
93000 312
93000 412
93000 451
93000 146
93000 376
93000 249
93000 168
93000 310
93000 398
93000 437
93000 324
93000 262
93000 686
93000 955
93000 235
93000 411
93000 206
93000 493
93000 563
93000 219
93000 28
93000 344
93000 409
93000 164
93000 187
93000 173
93000 241
93000 126
93000 782
93000 133
93000 468
93000 511
93000 679
93000 605
93000 450
93000 732
93000 543
93000 722
93000 429
93000 573
93000 168
93000 234
93000 345
93000 298
93000 116
93000 425
93000 459
94000 262
94000 102
94000 536
94000 387
94000 290
94000 555
94000 106
94000 435
94000 493
94000 231
94000 324
94000 325
94000 374
94000 242
94000 803
94000 456
94000 87
94000 148
94000 429
94000 778
94000 141
94000 265
94000 520
94000 590
94000 406
94000 257
94000 265
94000 329
94000 362
94000 789
94000 243
94000 732
94000 274
94000 207
94000 287
94000 119
94000 220
94000 493
94000 487
94000 470
94000 985
94000 208
94000 522
94000 563
94000 546
94000 65
94000 268
94000 172
94000 358
94000 490
95000 394
95000 592
95000 386
95000 644
95000 188
95000 152
95000 439
95000 186
95000 165
95000 301
95000 399
95000 569
95000 253
95000 85
95000 558
95000 562
95000 345
95000 139
95000 325
95000 297
95000 452
95000 307
95000 265
95000 574
95000 174
95000 382
95000 433
95000 331
95000 198
95000 284
95000 93
95000 266
95000 679
95000 583
95000 268
95000 637
95000 182
95000 418
95000 199
95000 389
95000 362
95000 98
95000 467
95000 414
95000 201
95000 938
95000 755
95000 115
95000 177
95000 195
96000 498
96000 666
96000 508
96000 736
96000 442
96000 207
96000 465
96000 411
96000 319
96000 492
96000 83
96000 173
96000 290
96000 385
96000 538
96000 244
96000 452
96000 269
96000 326
96000 545
96000 637
96000 171
96000 296
96000 516
96000 178
96000 396
96000 278
96000 323
96000 328
96000 727
96000 500
96000 601
96000 247
96000 305
96000 119
96000 215
96000 489
96000 401
96000 438
96000 437
96000 62
96000 289
96000 869
96000 585
96000 216
96000 191
96000 319
96000 70
96000 266
96000 118
97000 502
97000 490
97000 406
97000 160
97000 247
97000 617
97000 461
97000 754
97000 95
97000 248
97000 573
97000 152
97000 384
97000 305
97000 427
97000 735
97000 347
97000 122
97000 745
97000 402
97000 604
97000 613
97000 388
97000 226
97000 199
97000 423
97000 364
97000 631
97000 403
97000 372
97000 1182
97000 526
97000 331
97000 150
97000 96
97000 308
97000 484
97000 436
97000 68
97000 606
97000 764
97000 401
97000 213
97000 192
97000 329
97000 314
97000 136
97000 535
97000 399
97000 725
98000 517
98000 503
98000 141
98000 516
98000 524
98000 47
98000 154
98000 449
98000 194
98000 165
98000 304
98000 170
98000 366
98000 444
98000 375
98000 448
98000 538
98000 407
98000 245
98000 800
98000 426
98000 509
98000 494
98000 221
98000 32
98000 365
98000 430
98000 277
98000 101
98000 435
98000 146
98000 270
98000 172
98000 622
98000 358
98000 412
98000 596
98000 653
98000 15
98000 629
98000 393
98000 101
98000 724
98000 233
98000 291
98000 536
98000 367
98000 615
98000 172
98000 267
99000 128
99000 391
99000 509
99000 371
99000 298
99000 510
99000 210
99000 454
99000 200
99000 508
99000 181
99000 383
99000 363
99000 354
99000 88
99000 611
99000 357
99000 580
99000 163
99000 329
99000 125
99000 672
99000 529
99000 603
99000 232
99000 37
99000 365
99000 449
99000 281
99000 104
99000 480
99000 528
99000 158
99000 339
99000 490
99000 421
99000 621
99000 520
99000 154
99000 629
99000 537
99000 659
99000 267
99000 38
99000 399
99000 641
99000 754
99000 168
99000 249
99000 368
100000 904
100000 263
100000 518
100000 278
100000 346
100000 152
100000 675
100000 576
100000 100
100000 380
100000 350
100000 242
100000 199
100000 855
100000 697
100000 145
100000 478
100000 462
100000 206
100000 508
100000 660
100000 192
100000 37
100000 380
100000 457
100000 180
100000 216
100000 489
100000 94
100000 272
100000 647
100000 533
100000 1052
100000 402
100000 278
100000 703
100000 460
100000 437
100000 440
100000 70
100000 129
100000 504
100000 453
100000 538
100000 401
100000 254
100000 215
100000 352
100000 243
100000 445
