1000 8175
1000 9608
1000 7896
1000 7099
1000 6832
1000 10274
1000 8066
1000 7132
1000 6248
1000 9131
1000 6608
1000 6282
1000 6031
1000 6673
1000 11235
1000 7634
1000 6331
1000 6513
1000 6615
1000 8468
1000 8609
1000 7422
1000 5542
1000 6004
1000 9987
1000 6983
1000 6047
1000 7194
1000 8641
1000 6448
1000 6300
1000 8215
1000 9051
1000 6561
1000 6564
1000 8643
1000 6461
1000 6133
1000 8061
1000 5910
1000 5664
1000 7840
1000 6489
1000 5901
1000 8231
1000 8212
1000 7946
1000 6540
1000 8490
1000 5875
2000 16413
2000 17743
2000 21053
2000 16719
2000 17314
2000 17496
2000 14897
2000 13146
2000 15070
2000 19680
2000 14677
2000 15356
2000 15699
2000 14343
2000 17823
2000 13283
2000 14909
2000 15560
2000 19744
2000 15599
2000 17503
2000 15281
2000 14735
2000 13992
2000 16362
2000 11153
2000 24160
2000 19898
2000 13598
2000 16293
2000 13866
2000 15436
2000 24500
2000 17091
2000 13509
2000 19683
2000 18023
2000 13259
2000 18326
2000 16338
2000 15174
2000 15779
2000 23729
2000 14968
2000 19954
2000 15875
2000 15353
2000 12113
2000 14279
2000 18817
3000 21413
3000 22738
3000 31022
3000 19519
3000 23587
3000 23489
3000 25116
3000 21645
3000 25044
3000 25216
3000 29687
3000 26278
3000 27047
3000 23299
3000 24272
3000 22604
3000 27421
3000 22171
3000 23103
3000 28798
3000 26051
3000 45580
3000 25927
3000 33247
3000 20786
3000 29401
3000 28889
3000 22323
3000 23674
3000 22544
3000 26638
3000 24852
3000 23238
3000 26002
3000 28230
3000 26448
3000 38913
3000 34554
3000 21305
3000 23520
3000 32253
3000 22912
3000 26427
3000 25442
3000 36570
3000 26730
3000 22324
3000 25903
3000 24610
3000 23480
4000 33858
4000 31409
4000 33966
4000 37506
4000 31732
4000 35279
4000 34351
4000 41678
4000 43336
4000 34841
4000 36342
4000 36185
4000 42153
4000 33156
4000 36988
4000 34909
4000 41325
4000 32941
4000 29131
4000 29707
4000 43278
4000 37563
4000 33756
4000 30593
4000 31968
4000 31350
4000 37143
4000 39538
4000 32396
4000 35215
4000 28539
4000 28912
4000 30240
4000 32878
4000 39942
4000 35977
4000 30087
4000 44339
4000 33046
4000 28696
4000 43438
4000 31813
4000 31574
4000 35087
4000 47462
4000 35622
4000 49024
4000 39582
4000 40925
4000 31735
5000 39035
5000 47865
5000 43850
5000 49450
5000 46406
5000 41873
5000 63465
5000 40705
5000 41466
5000 41607
5000 45481
5000 40706
5000 45283
5000 43362
5000 55084
5000 42458
5000 54386
5000 47263
5000 40027
5000 51759
5000 36587
5000 44876
5000 38874
5000 45591
5000 38914
5000 52029
5000 44294
5000 43503
5000 36543
5000 40836
5000 46738
5000 46696
5000 50263
5000 44029
5000 33682
5000 38808
5000 48157
5000 39911
5000 43898
5000 40910
5000 40977
5000 42802
5000 46997
5000 38466
5000 37673
5000 44719
5000 58862
5000 42480
5000 51338
5000 46261
6000 49190
6000 55044
6000 76628
6000 69958
6000 58696
6000 89048
6000 53498
6000 54267
6000 49492
6000 60102
6000 49260
6000 50566
6000 57695
6000 55980
6000 53041
6000 57299
6000 52076
6000 83661
6000 46370
6000 44043
6000 54828
6000 53527
6000 62654
6000 49481
6000 57766
6000 55683
6000 59027
6000 53426
6000 46809
6000 54588
6000 55029
6000 52008
6000 52219
6000 53180
6000 57852
6000 53941
6000 50288
6000 52387
6000 54036
6000 58625
6000 57068
6000 73533
6000 54293
6000 66996
6000 44583
6000 50625
6000 60624
6000 50583
6000 56554
6000 58862
7000 66970
7000 62827
7000 74898
7000 59830
7000 54291
7000 57215
7000 88765
7000 59225
7000 58616
7000 57445
7000 78644
7000 59875
7000 58785
7000 52515
7000 69815
7000 64855
7000 63762
7000 77959
7000 56378
7000 77496
7000 64685
7000 57483
7000 71449
7000 83811
7000 72358
7000 62090
7000 61732
7000 61231
7000 74429
7000 72714
7000 59768
7000 68395
7000 64941
7000 61466
7000 71668
7000 80215
7000 58184
7000 60324
7000 83051
7000 70196
7000 72027
7000 60229
7000 67613
7000 62734
7000 77333
7000 65460
7000 65787
7000 77994
7000 62918
7000 61790
8000 86905
8000 95681
8000 74496
8000 79722
8000 93558
8000 101465
8000 87304
8000 76262
8000 64313
8000 70778
8000 83930
8000 64751
8000 67197
8000 70945
8000 73875
8000 86279
8000 81792
8000 95728
8000 92395
8000 80587
8000 83358
8000 94816
8000 80122
8000 71763
8000 64833
8000 62497
8000 71698
8000 66741
8000 66028
8000 90805
8000 72382
8000 75841
8000 97366
8000 69382
8000 83819
8000 93168
8000 75029
8000 66519
8000 60853
8000 82755
8000 63876
8000 106182
8000 72692
8000 81670
8000 76514
8000 64972
8000 116461
8000 70489
8000 84757
8000 78482
9000 89392
9000 109534
9000 90897
9000 90774
9000 91699
9000 87160
9000 97938
9000 70952
9000 86396
9000 80316
9000 83817
9000 104887
9000 73219
9000 109615
9000 116221
9000 88110
9000 85201
9000 79191
9000 82898
9000 80397
9000 89747
9000 85402
9000 74030
9000 69432
9000 89793
9000 94227
9000 77113
9000 81408
9000 92937
9000 87694
9000 80186
9000 89028
9000 66676
9000 102124
9000 72087
9000 88551
9000 103242
9000 75403
9000 77626
9000 108845
9000 75148
9000 78336
9000 75010
9000 82222
9000 91188
9000 84042
9000 84908
9000 87729
9000 69805
9000 94806
10000 112914
10000 101447
10000 93551
10000 91141
10000 83037
10000 103969
10000 110748
10000 111226
10000 91666
10000 91870
10000 94845
10000 99471
10000 98925
10000 85339
10000 117212
10000 101664
10000 93391
10000 84084
10000 146647
10000 86493
10000 95687
10000 95578
10000 99773
10000 94434
10000 93449
10000 112041
10000 117107
10000 92015
10000 112737
10000 99875
10000 90331
10000 82055
10000 105773
10000 92133
10000 112268
10000 105233
10000 104305
10000 101665
10000 93267
10000 86611
10000 91940
10000 95817
10000 83295
10000 94939
10000 94682
10000 99504
10000 100164
10000 115683
10000 76988
10000 109790
