1000 16350
1000 19216
1000 15792
1000 14198
1000 13664
1000 20548
1000 16132
1000 14264
1000 12496
1000 18262
1000 13216
1000 12564
1000 12062
1000 13346
1000 22470
1000 15268
1000 12662
1000 13026
1000 13230
1000 16936
1000 17218
1000 14844
1000 11084
1000 12008
1000 19974
1000 13966
1000 12094
1000 14388
1000 17282
1000 12896
1000 12600
1000 16430
1000 18102
1000 13122
1000 13128
1000 17286
1000 12922
1000 12266
1000 16122
1000 11820
1000 11328
1000 15680
1000 12978
1000 11802
1000 16462
1000 16424
1000 15892
1000 13080
1000 16980
1000 11750
2000 32826
2000 35486
2000 42106
2000 33438
2000 34628
2000 34992
2000 29794
2000 26292
2000 30140
2000 39360
2000 29354
2000 30712
2000 31398
2000 28686
2000 35646
2000 26566
2000 29818
2000 31120
2000 39488
2000 31198
2000 35006
2000 30562
2000 29470
2000 27984
2000 32724
2000 22306
2000 48320
2000 39796
2000 27196
2000 32586
2000 27732
2000 30872
2000 49000
2000 34182
2000 27018
2000 39366
2000 36046
2000 26518
2000 36652
2000 32676
2000 30348
2000 31558
2000 47458
2000 29936
2000 39908
2000 31750
2000 30706
2000 24226
2000 28558
2000 37634
3000 42826
3000 45476
3000 62044
3000 39038
3000 47174
3000 46978
3000 50232
3000 43290
3000 50088
3000 50432
3000 59374
3000 52556
3000 54094
3000 46598
3000 48544
3000 45208
3000 54842
3000 44342
3000 46206
3000 57596
3000 52102
3000 91160
3000 51854
3000 66494
3000 41572
3000 58802
3000 57778
3000 44646
3000 47348
3000 45088
3000 53276
3000 49704
3000 46476
3000 52004
3000 56460
3000 52896
3000 77826
3000 69108
3000 42610
3000 47040
3000 64506
3000 45824
3000 52854
3000 50884
3000 73140
3000 53460
3000 44648
3000 51806
3000 49220
3000 46960
4000 67716
4000 62818
4000 67932
4000 75012
4000 63464
4000 70558
4000 68702
4000 83356
4000 86672
4000 69682
4000 72684
4000 72370
4000 84306
4000 66312
4000 73976
4000 69818
4000 82650
4000 65882
4000 58262
4000 59414
4000 86556
4000 75126
4000 67512
4000 61186
4000 63936
4000 62700
4000 74286
4000 79076
4000 64792
4000 70430
4000 57078
4000 57824
4000 60480
4000 65756
4000 79884
4000 71954
4000 60174
4000 88678
4000 66092
4000 57392
4000 86876
4000 63626
4000 63148
4000 70174
4000 94924
4000 71244
4000 98048
4000 79164
4000 81850
4000 63470
5000 78070
5000 95730
5000 87700
5000 98900
5000 92812
5000 83746
5000 126930
5000 81410
5000 82932
5000 83214
5000 90962
5000 81412
5000 90566
5000 86724
5000 110168
5000 84916
5000 108772
5000 94526
5000 80054
5000 103518
5000 73174
5000 89752
5000 77748
5000 91182
5000 77828
5000 104058
5000 88588
5000 87006
5000 73086
5000 81672
5000 93476
5000 93392
5000 100526
5000 88058
5000 67364
5000 77616
5000 96314
5000 79822
5000 87796
5000 81820
5000 81954
5000 85604
5000 93994
5000 76932
5000 75346
5000 89438
5000 117724
5000 84960
5000 102676
5000 92522
6000 98380
6000 110088
6000 153256
6000 139916
6000 117392
6000 178096
6000 106996
6000 108534
6000 98984
6000 120204
6000 98520
6000 101132
6000 115390
6000 111960
6000 106082
6000 114598
6000 104152
6000 167322
6000 92740
6000 88086
6000 109656
6000 107054
6000 125308
6000 98962
6000 115532
6000 111366
6000 118054
6000 106852
6000 93618
6000 109176
6000 110058
6000 104016
6000 104438
6000 106360
6000 115704
6000 107882
6000 100576
6000 104774
6000 108072
6000 117250
6000 114136
6000 147066
6000 108586
6000 133992
6000 89166
6000 101250
6000 121248
6000 101166
6000 113108
6000 117724
7000 133940
7000 125654
7000 149796
7000 119660
7000 108582
7000 114430
7000 177530
7000 118450
7000 117232
7000 114890
7000 157288
7000 119750
7000 117570
7000 105030
7000 139630
7000 129710
7000 127524
7000 155918
7000 112756
7000 154992
7000 129370
7000 114966
7000 142898
7000 167622
7000 144716
7000 124180
7000 123464
7000 122462
7000 148858
7000 145428
7000 119536
7000 136790
7000 129882
7000 122932
7000 143336
7000 160430
7000 116368
7000 120648
7000 166102
7000 140392
7000 144054
7000 120458
7000 135226
7000 125468
7000 154666
7000 130920
7000 131574
7000 155988
7000 125836
7000 123580
8000 173810
8000 191362
8000 148992
8000 159444
8000 187116
8000 202930
8000 174608
8000 152524
8000 128626
8000 141556
8000 167860
8000 129502
8000 134394
8000 141890
8000 147750
8000 172558
8000 163584
8000 191456
8000 184790
8000 161174
8000 166716
8000 189632
8000 160244
8000 143526
8000 129666
8000 124994
8000 143396
8000 133482
8000 132056
8000 181610
8000 144764
8000 151682
8000 194732
8000 138764
8000 167638
8000 186336
8000 150058
8000 133038
8000 121706
8000 165510
8000 127752
8000 212364
8000 145384
8000 163340
8000 153028
8000 129944
8000 232922
8000 140978
8000 169514
8000 156964
9000 178784
9000 219068
9000 181794
9000 181548
9000 183398
9000 174320
9000 195876
9000 141904
9000 172792
9000 160632
9000 167634
9000 209774
9000 146438
9000 219230
9000 232442
9000 176220
9000 170402
9000 158382
9000 165796
9000 160794
9000 179494
9000 170804
9000 148060
9000 138864
9000 179586
9000 188454
9000 154226
9000 162816
9000 185874
9000 175388
9000 160372
9000 178056
9000 133352
9000 204248
9000 144174
9000 177102
9000 206484
9000 150806
9000 155252
9000 217690
9000 150296
9000 156672
9000 150020
9000 164444
9000 182376
9000 168084
9000 169816
9000 175458
9000 139610
9000 189612
10000 225828
10000 202894
10000 187102
10000 182282
10000 166074
10000 207938
10000 221496
10000 222452
10000 183332
10000 183740
10000 189690
10000 198942
10000 197850
10000 170678
10000 234424
10000 203328
10000 186782
10000 168168
10000 293294
10000 172986
10000 191374
10000 191156
10000 199546
10000 188868
10000 186898
10000 224082
10000 234214
10000 184030
10000 225474
10000 199750
10000 180662
10000 164110
10000 211546
10000 184266
10000 224536
10000 210466
10000 208610
10000 203330
10000 186534
10000 173222
10000 183880
10000 191634
10000 166590
10000 189878
10000 189364
10000 199008
10000 200328
10000 231366
10000 153976
10000 219580
11000 202096
11000 212394
11000 196600
11000 242698
11000 192764
11000 198190
11000 251638
11000 210578
11000 203288
11000 218908
11000 254506
11000 214486
11000 223718
11000 195932
11000 215380
11000 229632
11000 233164
11000 206142
11000 189574
11000 222080
11000 200542
11000 194176
11000 230936
11000 265048
11000 237612
11000 208334
11000 200558
11000 203182
11000 223432
11000 253572
11000 205164
11000 255704
11000 219870
11000 198966
11000 217408
11000 224502
11000 213900
11000 215596
11000 193896
11000 310274
11000 215672
11000 218182
11000 201366
11000 236906
11000 222824
11000 185710
11000 194974
11000 188004
11000 241264
11000 203456
12000 207094
12000 222094
12000 256820
12000 272042
12000 227634
12000 226992
12000 256972
12000 268874
12000 234614
12000 329880
12000 240756
12000 230258
12000 390876
12000 306484
12000 223566
12000 226902
12000 223404
12000 223228
12000 192238
12000 254040
12000 216770
12000 292810
12000 218786
12000 247196
12000 195416
12000 265544
12000 263642
12000 198492
12000 244446
12000 232364
12000 231158
12000 204026
12000 222554
12000 223928
12000 221760
12000 255146
12000 231834
12000 249530
12000 214966
12000 211922
12000 211890
12000 225128
12000 255250
12000 254696
12000 247780
12000 232858
12000 200274
12000 249530
12000 256464
12000 330172
13000 309754
13000 318850
13000 242242
13000 234204
13000 303198
13000 275538
13000 237522
13000 246930
13000 249178
13000 252058
13000 247988
13000 275788
13000 285512
13000 222806
13000 255518
13000 234366
13000 223594
13000 244570
13000 229178
13000 304146
13000 215002
13000 286538
13000 274740
13000 204642
13000 288986
13000 251484
13000 238244
13000 279704
13000 268958
13000 228772
13000 227884
13000 220768
13000 260248
13000 227626
13000 244214
13000 324876
13000 295164
13000 391848
13000 243242
13000 238978
13000 271826
13000 241538
13000 288758
13000 235190
13000 318696
13000 227304
13000 275976
13000 222630
13000 292516
13000 338366
14000 328420
14000 347372
14000 255892
14000 354656
14000 293566
14000 327590
14000 331972
14000 281346
14000 243060
14000 327414
14000 279918
14000 268724
14000 302802
14000 235982
14000 256216
14000 271228
14000 273662
14000 372560
14000 241390
14000 269048
14000 249568
14000 358230
14000 287136
14000 333080
14000 301562
14000 273954
14000 252076
14000 277110
14000 251986
14000 361226
14000 243946
14000 284768
14000 294402
14000 291442
14000 319212
14000 245792
14000 262734
14000 354914
14000 275590
14000 273694
14000 296942
14000 250588
14000 248858
14000 324068
14000 292312
14000 277794
14000 299598
14000 245436
14000 250848
14000 285896
15000 270650
15000 296692
15000 293158
15000 336188
15000 247586
15000 275904
15000 360800
15000 339354
15000 303242
15000 244992
15000 298344
15000 307784
15000 319018
15000 351106
15000 314406
15000 297734
15000 337038
15000 308450
15000 260440
15000 282720
15000 297232
15000 275746
15000 363782
15000 278594
15000 303664
15000 289254
15000 320994
15000 334012
15000 395684
15000 334152
15000 366730
15000 273644
15000 284360
15000 361542
15000 299000
15000 290554
15000 306192
15000 286744
15000 278570
15000 272548
15000 343380
15000 335082
15000 317760
15000 364964
15000 308180
15000 290886
15000 287676
15000 329380
15000 405650
15000 277302
16000 320762
16000 300316
16000 441588
16000 322172
16000 398236
16000 283974
16000 288006
16000 245824
16000 359134
16000 376560
16000 280182
16000 289172
16000 302082
16000 347256
16000 348136
16000 344966
16000 316324
16000 354960
16000 293884
16000 355230
16000 300644
16000 292896
16000 312070
16000 337192
16000 369424
16000 358678
16000 368662
16000 312034
16000 362850
16000 317042
16000 280254
16000 306456
16000 299802
16000 363320
16000 290784
16000 311204
16000 399928
16000 320814
16000 277594
16000 298248
16000 339076
16000 290852
16000 394074
16000 438772
16000 322480
16000 317112
16000 536084
16000 293834
16000 319798
16000 346328
17000 332208
17000 345658
17000 327278
17000 332988
17000 342708
17000 350808
17000 314896
17000 394206
17000 323384
17000 336640
17000 317644
17000 325594
17000 343594
17000 295274
17000 372146
17000 401360
17000 338174
17000 344666
17000 386394
17000 409556
17000 323160
17000 374806
17000 436600
17000 403236
17000 380934
17000 461470
17000 315268
17000 385470
17000 335764
17000 411170
17000 310080
17000 344688
17000 351986
17000 281488
17000 282112
17000 383884
17000 331374
17000 379500
17000 372502
17000 281408
17000 319288
17000 371590
17000 348848
17000 308372
17000 364470
17000 421866
17000 358120
17000 341790
17000 316546
17000 371710
18000 371266
18000 403204
18000 339364
18000 399172
18000 400910
18000 364340
18000 331196
18000 420318
18000 312362
18000 379196
18000 303172
18000 370186
18000 433574
18000 350972
18000 423472
18000 302286
18000 419788
18000 455276
18000 349574
18000 371964
18000 316322
18000 326978
18000 338186
18000 406656
18000 386630
18000 463862
18000 327704
18000 362150
18000 329440
18000 389212
18000 361422
18000 364532
18000 340676
18000 423464
18000 344300
18000 382034
18000 389418
18000 410796
18000 329302
18000 363792
18000 342548
18000 365514
18000 390534
18000 304580
18000 323158
18000 380248
18000 396816
18000 322908
18000 428278
18000 492006
19000 367900
19000 441632
19000 378120
19000 446212
19000 335212
19000 330686
19000 370478
19000 391778
19000 357242
19000 308422
19000 393516
19000 388644
19000 473740
19000 668062
19000 406806
19000 439608
19000 429638
19000 392412
19000 378840
19000 483592
19000 401852
19000 333252
19000 493750
19000 413794
19000 413726
19000 378590
19000 376952
19000 361092
19000 346836
19000 370226
19000 428070
19000 422058
19000 359760
19000 342670
19000 329178
19000 350076
19000 389234
19000 380982
19000 390896
19000 411368
19000 444168
19000 410312
19000 361594
19000 403684
19000 349784
19000 343580
19000 353892
19000 406476
19000 347468
19000 364000
20000 388038
20000 384264
20000 352400
20000 396658
20000 461416
20000 399252
20000 388354
20000 513404
20000 389942
20000 392338
20000 388434
20000 324248
20000 380334
20000 385258
20000 449632
20000 403104
20000 449696
20000 356294
20000 381240
20000 356728
20000 406342
20000 336684
20000 438292
20000 463556
20000 401574
20000 346374
20000 411108
20000 465380
20000 475064
20000 379564
20000 407942
20000 398286
20000 449006
20000 561500
20000 440912
20000 370738
20000 365016
20000 395900
20000 374932
20000 417400
20000 377576
20000 506582
20000 434392
20000 369598
20000 466050
20000 420624
20000 416182
20000 388506
20000 446564
20000 423044
21000 402460
21000 401434
21000 497032
21000 419590
21000 462962
21000 382306
21000 473186
21000 414990
21000 465550
21000 435972
21000 396416
21000 520658
21000 419566
21000 450212
21000 398430
21000 542220
21000 411200
21000 361904
21000 354874
21000 448406
21000 419018
21000 381444
21000 441620
21000 488186
21000 437456
21000 470574
21000 378466
21000 413948
21000 410636
21000 414212
21000 504294
21000 397198
21000 418614
21000 374888
21000 438090
21000 380384
21000 399686
21000 442392
21000 396962
21000 400612
21000 459134
21000 426052
21000 386658
21000 457012
21000 480414
21000 526356
21000 392010
21000 382678
21000 490308
21000 452578
22000 467258
22000 411884
22000 452638
22000 603646
22000 421600
22000 679244
22000 499034
22000 473316
22000 424210
22000 484432
22000 471258
22000 415304
22000 501070
22000 425158
22000 458306
22000 454844
22000 643574
22000 468194
22000 449458
22000 405756
22000 366096
22000 413802
22000 401244
22000 454790
22000 426326
22000 490618
22000 480938
22000 407710
22000 504330
22000 591366
22000 484774
22000 398740
22000 560460
22000 403394
22000 472888
22000 400318
22000 417750
22000 456872
22000 619420
22000 382302
22000 424342
22000 391394
22000 384768
22000 441972
22000 451448
22000 442076
22000 507126
22000 462114
22000 500636
22000 416068
23000 451708
23000 462682
23000 509510
23000 430732
23000 472532
23000 514312
23000 446578
23000 455132
23000 487468
23000 443476
23000 414042
23000 418250
23000 430150
23000 424374
23000 466878
23000 509406
23000 531684
23000 517572
23000 481338
23000 473642
23000 411134
23000 452060
23000 464336
23000 530688
23000 496302
23000 511372
23000 428274
23000 470482
23000 488638
23000 505568
23000 467348
23000 442432
23000 524590
23000 573222
23000 425576
23000 565812
23000 441418
23000 454914
23000 548890
23000 501150
23000 431674
23000 423734
23000 503762
23000 502880
23000 583706
23000 462084
23000 446414
23000 446008
23000 528932
23000 453336
24000 494316
24000 550776
24000 621956
24000 611128
24000 489790
24000 478792
24000 509472
24000 461536
24000 660760
24000 700626
24000 495248
24000 494218
24000 546340
24000 594620
24000 547298
24000 524102
24000 464538
24000 463884
24000 470358
24000 448542
24000 634612
24000 557928
24000 577510
24000 593326
24000 520480
24000 454712
24000 521966
24000 621348
24000 577978
24000 641356
24000 564062
24000 412434
24000 560246
24000 636924
24000 486580
24000 515854
24000 479518
24000 502428
24000 655972
24000 543180
24000 453694
24000 437446
24000 582306
24000 515972
24000 466574
24000 450806
24000 528986
24000 425300
24000 520286
24000 514530
25000 519646
25000 617166
25000 575810
25000 595636
25000 638622
25000 497398
25000 535638
25000 488204
25000 555662
25000 496890
25000 514152
25000 487566
25000 526904
25000 543760
25000 735762
25000 544974
25000 514994
25000 499014
25000 511892
25000 503238
25000 829708
25000 453156
25000 590520
25000 566292
25000 530990
25000 482320
25000 486166
25000 598770
25000 522226
25000 682168
25000 700940
25000 552422
25000 539934
25000 451020
25000 464170
25000 611856
25000 507606
25000 619662
25000 530452
25000 617762
25000 579704
25000 538890
25000 681838
25000 607416
25000 642624
25000 509626
25000 532986
25000 471076
25000 631222
25000 524496
26000 785602
26000 638904
26000 509804
26000 504332
26000 509902
26000 573432
26000 499870
26000 591030
26000 541064
26000 501196
26000 661020
26000 545042
26000 560162
26000 537444
26000 535652
26000 697666
26000 602806
26000 564696
26000 625406
26000 498732
26000 508580
26000 522444
26000 578482
26000 701234
26000 678262
26000 507546
26000 494400
26000 634902
26000 610240
26000 553346
26000 481250
26000 557014
26000 651082
26000 456608
26000 593466
26000 522200
26000 567150
26000 509958
26000 566278
26000 543934
26000 477962
26000 534836
26000 497740
26000 489788
26000 566948
26000 539832
26000 542080
26000 646984
26000 606286
26000 571440
27000 741204
27000 657016
27000 735470
27000 537606
27000 544804
27000 627944
27000 607576
27000 594834
27000 640998
27000 490598
27000 495446
27000 513880
27000 507714
27000 580620
27000 550040
27000 549806
27000 560936
27000 558014
27000 514056
27000 675804
27000 476348
27000 537896
27000 639194
27000 580288
27000 605284
27000 589874
27000 548500
27000 484098
27000 543546
27000 577402
27000 549366
27000 587468
27000 681062
27000 545122
27000 488374
27000 603572
27000 600904
27000 503026
27000 532760
27000 515196
27000 602806
27000 558778
27000 613018
27000 493344
27000 544356
27000 552520
27000 847908
27000 825242
27000 725712
27000 510836
28000 768590
28000 681526
28000 564542
28000 774378
28000 558442
28000 583888
28000 662908
28000 620280
28000 590536
28000 702152
28000 637358
28000 610772
28000 615620
28000 616772
28000 594732
28000 561060
28000 754586
28000 602900
28000 562132
28000 590256
28000 548882
28000 572692
28000 691704
28000 562774
28000 523426
28000 550978
28000 595864
28000 651472
28000 590098
28000 562598
28000 603476
28000 567930
28000 616476
28000 644700
28000 583724
28000 573360
28000 533350
28000 692576
28000 590922
28000 544768
28000 749820
28000 493836
28000 641886
28000 562466
28000 707764
28000 559466
28000 632628
28000 638956
28000 550418
28000 641244
29000 701052
29000 801060
29000 644834
29000 557010
29000 706066
29000 565062
29000 637986
29000 652312
29000 660950
29000 662284
29000 649620
29000 511612
29000 592876
29000 596740
29000 565268
29000 691734
29000 734518
29000 622402
29000 643188
29000 683886
29000 599950
29000 589652
29000 547380
29000 677130
29000 602188
29000 657884
29000 532346
29000 621598
29000 680788
29000 573392
29000 661536
29000 609388
29000 647190
29000 611900
29000 606282
29000 698432
29000 596544
29000 530632
29000 624054
29000 565396
29000 700046
29000 657282
29000 561496
29000 609852
29000 549124
29000 569760
29000 648952
29000 873386
29000 677636
29000 634728
30000 781572
30000 728096
30000 543850
30000 714710
30000 765858
30000 602256
30000 631832
30000 639370
30000 656812
30000 618120
30000 506394
30000 566428
30000 611950
30000 633050
30000 575762
30000 631628
30000 511504
30000 689324
30000 577714
30000 541920
30000 509348
30000 640790
30000 695546
30000 553400
30000 537534
30000 772730
30000 753726
30000 648398
30000 638000
30000 725118
30000 613372
30000 657944
30000 677776
30000 709556
30000 700620
30000 720840
30000 658948
30000 651224
30000 675678
30000 623182
30000 732160
30000 859006
30000 711302
30000 680716
30000 553884
30000 866332
30000 640144
30000 675004
30000 617110
30000 656342
31000 609394
31000 563334
31000 687550
31000 751750
31000 707756
31000 773618
31000 624720
31000 622366
31000 672450
31000 822540
31000 574978
31000 593926
31000 804642
31000 620732
31000 736090
31000 646822
31000 618508
31000 684902
31000 757668
31000 637252
31000 677076
31000 723428
31000 748934
31000 667648
31000 644144
31000 725088
31000 635692
31000 709052
31000 854268
31000 632416
31000 640636
31000 797544
31000 627672
31000 817372
31000 628108
31000 615396
31000 650908
31000 760088
31000 623272
31000 797324
31000 566228
31000 710574
31000 675276
31000 573842
31000 664630
31000 682514
31000 552416
31000 678964
31000 594116
31000 589330
32000 704874
32000 718946
32000 765568
32000 763050
32000 707746
32000 652562
32000 718288
32000 589378
32000 883006
32000 738714
32000 583292
32000 691744
32000 769804
32000 616094
32000 611532
32000 730438
32000 891542
32000 645310
32000 552924
32000 656686
32000 743456
32000 758978
32000 637002
32000 717346
32000 758682
32000 626230
32000 622808
32000 685320
32000 729438
32000 635850
32000 861712
32000 865894
32000 722764
32000 674058
32000 700086
32000 659928
32000 662246
32000 654878
32000 653278
32000 611164
32000 692116
32000 598470
32000 837574
32000 732240
32000 750764
32000 649286
32000 848772
32000 649566
32000 783356
32000 893958
33000 692560
33000 738062
33000 669578
33000 609378
33000 731346
33000 650844
33000 838686
33000 1071800
33000 756168
33000 616100
33000 650984
33000 687512
33000 690948
33000 706712
33000 621938
33000 647114
33000 705604
33000 582110
33000 662760
33000 596344
33000 676370
33000 654138
33000 832592
33000 682660
33000 664154
33000 708970
33000 846872
33000 720614
33000 672706
33000 759184
33000 638518
33000 721020
33000 608750
33000 658968
33000 803684
33000 639784
33000 620788
33000 810470
33000 801730
33000 590588
33000 600804
33000 734372
33000 680168
33000 748604
33000 663710
33000 663774
33000 602878
33000 875076
33000 734124
33000 706280
34000 819582
34000 958946
34000 675746
34000 613102
34000 773992
34000 771942
34000 938358
34000 713190
34000 753330
34000 716146
34000 729112
34000 720224
34000 649724
34000 764184
34000 725678
34000 767750
34000 685728
34000 683654
34000 700760
34000 784596
34000 777860
34000 820268
34000 675140
34000 719246
34000 725810
34000 782922
34000 810026
34000 876690
34000 683184
34000 832958
34000 783614
34000 869010
34000 739290
34000 762926
34000 881842
34000 662766
34000 915728
34000 644246
34000 879238
34000 777316
34000 812730
34000 690406
34000 762182
34000 787298
34000 803832
34000 971454
34000 700426
34000 738764
34000 905272
34000 640460
35000 738782
35000 792644
35000 842324
35000 765970
35000 922924
35000 792696
35000 692798
35000 670852
35000 734638
35000 674996
35000 924312
35000 839262
35000 682200
35000 708110
35000 747912
35000 825396
35000 814346
35000 771688
35000 884270
35000 753326
35000 957084
35000 905704
35000 1030546
35000 759330
35000 779068
35000 1094240
35000 698744
35000 862394
35000 746534
35000 859240
35000 742124
35000 676664
35000 759684
35000 811522
35000 685610
35000 657036
35000 629664
35000 626680
35000 641482
35000 787580
35000 841146
35000 784054
35000 736444
35000 713858
35000 812904
35000 692312
35000 740096
35000 749030
35000 820974
35000 807738
36000 668398
36000 931710
36000 711926
36000 832728
36000 799102
36000 704188
36000 673248
36000 735344
36000 860510
36000 733168
36000 797538
36000 840490
36000 831628
36000 838590
36000 921762
36000 732704
36000 909454
36000 780092
36000 756750
36000 728394
36000 796316
36000 751344
36000 775988
36000 713502
36000 805942
36000 735392
36000 724646
36000 918694
36000 739594
36000 665242
36000 742934
36000 748674
36000 782470
36000 718926
36000 922912
36000 766132
36000 798900
36000 692146
36000 808522
36000 859476
36000 740808
36000 874204
36000 787726
36000 822286
36000 733182
36000 903574
36000 709126
36000 822212
36000 790272
36000 782142
37000 891138
37000 910566
37000 782126
37000 1020642
37000 794188
37000 737042
37000 741198
37000 796066
37000 872630
37000 828460
37000 768046
37000 851540
37000 788496
37000 843182
37000 794580
37000 896910
37000 841974
37000 829880
37000 960630
37000 780760
37000 752956
37000 765766
37000 795584
37000 757666
37000 781226
37000 781954
37000 766794
37000 875900
37000 846654
37000 1060954
37000 770778
37000 691420
37000 859688
37000 758874
37000 790036
37000 799632
37000 692786
37000 818550
37000 845422
37000 838418
37000 792682
37000 744292
37000 713232
37000 793838
37000 861204
37000 864308
37000 763086
37000 913558
37000 1045300
37000 946554
38000 806226
38000 895576
38000 687756
38000 746128
38000 702746
38000 865416
38000 1132920
38000 721256
38000 879112
38000 914462
38000 778508
38000 937654
38000 841102
38000 821036
38000 788120
38000 739466
38000 1040976
38000 825820
38000 906820
38000 764292
38000 713092
38000 1026964
38000 870684
38000 886084
38000 791426
38000 767216
38000 852448
38000 829884
38000 858320
38000 862944
38000 742016
38000 1057886
38000 782392
38000 801124
38000 844722
38000 851906
38000 777498
38000 872862
38000 923706
38000 797596
38000 776066
38000 751120
38000 873818
38000 976620
38000 749268
38000 1009048
38000 861386
38000 770122
38000 960530
38000 776814
39000 890774
39000 1152256
39000 960634
39000 959400
39000 1063694
39000 943986
39000 855652
39000 885966
39000 718830
39000 750528
39000 857474
39000 696414
39000 751394
39000 816988
39000 962348
39000 857176
39000 941672
39000 982010
39000 732602
39000 1013724
39000 768918
39000 751036
39000 888444
39000 880694
39000 810774
39000 816324
39000 864510
39000 1058964
39000 811372
39000 900594
39000 791066
39000 943792
39000 834250
39000 770892
39000 877048
39000 859692
39000 864172
39000 794242
39000 792146
39000 884590
39000 1127272
39000 806164
39000 943072
39000 913950
39000 866670
39000 971484
39000 959488
39000 807054
39000 945892
39000 990356
40000 822262
40000 849080
40000 793040
40000 951328
40000 914710
40000 935634
40000 999202
40000 724884
40000 812830
40000 844678
40000 925116
40000 1013926
40000 907808
40000 793510
40000 1008006
40000 900536
40000 928308
40000 892200
40000 954854
40000 1140466
40000 1104824
40000 756856
40000 904808
40000 750180
40000 861712
40000 942948
40000 744582
40000 948256
40000 883566
40000 851696
40000 757598
40000 766812
40000 1000668
40000 808300
40000 856278
40000 951568
40000 886094
40000 778164
40000 916248
40000 958162
40000 920448
40000 879076
40000 988412
40000 923718
40000 936424
40000 1052340
40000 1052518
40000 959422
40000 901824
40000 801660
41000 992806
41000 804070
41000 902572
41000 774760
41000 917810
41000 871938
41000 808962
41000 906068
41000 852886
41000 994154
41000 904720
41000 841082
41000 997080
41000 794992
41000 968328
41000 950200
41000 1010892
41000 962160
41000 826068
41000 785550
41000 813590
41000 751934
41000 828030
41000 930980
41000 905824
41000 832268
41000 933660
41000 847608
41000 919088
41000 994638
41000 864490
41000 775146
41000 842856
41000 1178890
41000 802830
41000 848106
41000 834354
41000 768480
41000 908312
41000 962968
41000 828014
41000 782712
41000 934176
41000 1001762
41000 890544
41000 1128536
41000 804034
41000 1030698
41000 911246
41000 849852
42000 861750
42000 1004044
42000 1121952
42000 970732
42000 1044668
42000 909834
42000 1001194
42000 1149356
42000 997408
42000 859028
42000 891330
42000 845134
42000 914256
42000 1086570
42000 1007136
42000 818832
42000 862172
42000 1001974
42000 1161836
42000 1030650
42000 1046254
42000 944440
42000 945242
42000 934508
42000 927158
42000 995698
42000 864174
42000 915596
42000 905044
42000 944744
42000 856202
42000 924886
42000 1004334
42000 932320
42000 968494
42000 818532
42000 907014
42000 899688
42000 1460972
42000 1005172
42000 887220
42000 1251380
42000 923746
42000 858642
42000 1049162
42000 1053192
42000 889972
42000 1003104
42000 913548
42000 913372
43000 905146
43000 1020292
43000 823954
43000 1006532
43000 910630
43000 985244
43000 979768
43000 960952
43000 1127306
43000 1078826
43000 937362
43000 944286
43000 982878
43000 954382
43000 897476
43000 997120
43000 787136
43000 878152
43000 1064988
43000 898844
43000 1005538
43000 940346
43000 1138082
43000 950750
43000 973594
43000 1126600
43000 922326
43000 892386
43000 892298
43000 846742
43000 991416
43000 859058
43000 1082552
43000 899868
43000 1095212
43000 1120028
43000 973624
43000 1130998
43000 880764
43000 1140388
43000 866496
43000 769544
43000 989312
43000 880568
43000 954900
43000 1004742
43000 759624
43000 951552
43000 906430
43000 882030
44000 962868
44000 1341388
44000 895042
44000 963502
44000 1132670
44000 956022
44000 938256
44000 977600
44000 928684
44000 914250
44000 954788
44000 926548
44000 1005320
44000 1007624
44000 862956
44000 852558
44000 851252
44000 920320
44000 917528
44000 1032850
44000 1058166
44000 999560
44000 1053996
44000 938926
44000 869852
44000 941856
44000 1085842
44000 999924
44000 910150
44000 898504
44000 915832
44000 928764
44000 1016708
44000 997394
44000 878226
44000 1184148
44000 1152736
44000 855184
44000 886922
44000 913606
44000 1080032
44000 839732
44000 805876
44000 821538
44000 983708
44000 1349830
44000 950104
44000 907166
44000 907566
44000 1011194
45000 1088180
45000 1195816
45000 1125972
45000 1124296
45000 1015030
45000 975972
45000 1358962
45000 1294608
45000 998498
45000 1092558
45000 976736
45000 920518
45000 978794
45000 1029096
45000 1188354
45000 1051136
45000 1186194
45000 913064
45000 953212
45000 1084898
45000 948302
45000 964054
45000 1014696
45000 1125652
45000 963922
45000 845034
45000 1027324
45000 1034818
45000 887962
45000 1026408
45000 1063176
45000 882068
45000 880930
45000 887052
45000 929654
45000 807974
45000 961178
45000 1312302
45000 1032808
45000 1039002
45000 1072358
45000 960068
45000 1389626
45000 1109390
45000 863158
45000 1012704
45000 822948
45000 1035982
45000 963450
45000 949138
46000 1124192
46000 1051862
46000 930592
46000 1163030
46000 907584
46000 1351132
46000 878900
46000 1160792
46000 967130
46000 1031654
46000 1232856
46000 1102054
46000 955966
46000 1042018
46000 1115662
46000 942108
46000 769146
46000 995688
46000 1042910
46000 990312
46000 959778
46000 946326
46000 1028726
46000 1091636
46000 1041676
46000 1101092
46000 1090868
46000 1047604
46000 936620
46000 1247388
46000 1050700
46000 1268930
46000 1003926
46000 1165564
46000 939780
46000 966524
46000 994734
46000 1098460
46000 1030150
46000 919248
46000 962154
46000 1142074
46000 1132010
46000 1116718
46000 999792
46000 1192816
46000 1033792
46000 1017478
46000 967198
46000 1135268
47000 1148256
47000 1152870
47000 1211310
47000 933070
47000 878810
47000 1146018
47000 977978
47000 941872
47000 1028998
47000 1009072
47000 1105202
47000 1011512
47000 914242
47000 1112234
47000 1201414
47000 982580
47000 1112500
47000 1079414
47000 979318
47000 1051446
47000 890686
47000 972208
47000 1174934
47000 960828
47000 926174
47000 1170838
47000 1004312
47000 958248
47000 1065936
47000 1005894
47000 1143004
47000 970690
47000 1018052
47000 972472
47000 1526030
47000 975960
47000 991382
47000 915438
47000 1011158
47000 1126542
47000 1268432
47000 1254080
47000 907284
47000 976384
47000 1165546
47000 1023838
47000 1056788
47000 1116242
47000 958466
47000 1014048
48000 1001832
48000 1147940
48000 1019518
48000 1010554
48000 1276316
48000 1075284
48000 1066264
48000 1015770
48000 952716
48000 1330324
48000 971910
48000 890562
48000 1033392
48000 1151436
48000 1011194
48000 989294
48000 1025892
48000 911874
48000 987972
48000 1047918
48000 1282628
48000 1198606
48000 1151298
48000 1129700
48000 1074970
48000 1188286
48000 1153968
48000 932726
48000 1240244
48000 1071576
48000 1206104
48000 1143630
48000 1013428
48000 1056344
48000 1055420
48000 1183338
48000 964820
48000 877868
48000 1019806
48000 1213368
48000 1208252
48000 972530
48000 1012926
48000 1173938
48000 997858
48000 962264
48000 1067230
48000 1209634
48000 1080894
48000 1016984
49000 1341054
49000 1153754
49000 1369476
49000 1439760
49000 1022038
49000 1254090
49000 1131082
49000 1024734
49000 946188
49000 1187934
49000 1100280
49000 1052894
49000 1057476
49000 1204228
49000 1088786
49000 1211638
49000 1031536
49000 1163396
49000 1162468
49000 1210870
49000 1000340
49000 1108270
49000 1143538
49000 1237776
49000 1180124
49000 1181068
49000 1001336
49000 959648
49000 1065926
49000 1217102
49000 1105020
49000 1163024
49000 1093382
49000 1495890
49000 1174068
49000 1011464
49000 1302448
49000 1124466
49000 1371428
49000 986744
49000 1030888
49000 1197294
49000 1103120
49000 992772
49000 1186270
49000 1196052
49000 1204994
49000 980278
49000 1067706
49000 1057550
50000 1110328
50000 950144
50000 1161234
50000 988530
50000 995946
50000 1098084
50000 1093092
50000 1061202
50000 1223842
50000 1307422
50000 1063318
50000 1151996
50000 1057758
50000 1087966
50000 995716
50000 960288
50000 1239732
50000 1146966
50000 1154952
50000 1109518
50000 1418118
50000 1100012
50000 1030608
50000 1211042
50000 1185256
50000 1193468
50000 1201722
50000 1140224
50000 1167298
50000 1023630
50000 949656
50000 990554
50000 1454414
50000 949250
50000 1308750
50000 1267016
50000 1075062
50000 967012
50000 1204974
50000 1120836
50000 1104272
50000 1215480
50000 1218374
50000 1111418
50000 1184566
50000 958958
50000 1292846
50000 1213626
50000 1031458
50000 1279472
51000 1233116
51000 1181832
51000 961260
51000 1037688
51000 1321668
51000 1221576
51000 1335732
51000 1210128
51000 1255136
51000 1231712
51000 1152670
51000 1314058
51000 948500
51000 1189536
51000 1056238
51000 1061690
51000 1094556
51000 977272
51000 1028286
51000 1056312
51000 1104140
51000 1072704
51000 1093218
51000 1274488
51000 1060650
51000 1165300
51000 1267804
51000 1313596
51000 1104532
51000 1326934
51000 1405568
51000 1174100
51000 1117582
51000 1241788
51000 1186132
51000 1055072
51000 1114464
51000 1219592
51000 1239228
51000 1398750
51000 1073408
51000 1088266
51000 1081230
51000 1192410
51000 1340170
51000 1082506
51000 1056520
51000 1075286
51000 1352304
51000 1341456
52000 1066924
52000 974578
52000 1114372
52000 1068654
52000 1163360
52000 1313560
52000 1217516
52000 1198678
52000 1106404
52000 1062670
52000 1424016
52000 1052742
52000 1073310
52000 1212878
52000 1270362
52000 1382446
52000 1214982
52000 1031004
52000 1086176
52000 1102076
52000 940510
52000 1014144
52000 1036258
52000 1227260
52000 1253810
52000 1021840
52000 1363820
52000 1200902
52000 1204776
52000 1202888
52000 1054846
52000 1342272
52000 1757668
52000 1161396
52000 1287240
52000 1162104
52000 1095250
52000 1187718
52000 1136934
52000 1469026
52000 1065226
52000 1142330
52000 1331550
52000 1215850
52000 1189638
52000 1348656
52000 1365564
52000 1328538
52000 1063894
52000 1311198
53000 1139572
53000 1232506
53000 1248188
53000 1198272
53000 1019972
53000 1265736
53000 1107680
53000 1072822
53000 1246790
53000 1252142
53000 1595594
53000 1277266
53000 1304816
53000 1263840
53000 1120002
53000 1199096
53000 1221176
53000 1063560
53000 1235382
53000 1094652
53000 1294486
53000 1271834
53000 1362098
53000 1521906
53000 1233038
53000 1101600
53000 1069406
53000 1398740
53000 1107780
53000 1053734
53000 1064722
53000 1137994
53000 1281688
53000 1178476
53000 1105014
53000 1023832
53000 1480920
53000 1079858
53000 1172080
53000 1416414
53000 1232918
53000 1208136
53000 1581208
53000 1061016
53000 1302220
53000 1288610
53000 1172578
53000 1264648
53000 1287090
53000 1244002
54000 1198822
54000 1546080
54000 1055112
54000 1220972
54000 1134672
54000 1385038
54000 1210448
54000 1398316
54000 1376688
54000 1211296
54000 1159130
54000 1365196
54000 1315990
54000 1245034
54000 1101238
54000 1364430
54000 1200862
54000 1034536
54000 1262206
54000 1094888
54000 1290000
54000 1217142
54000 1249824
54000 1670978
54000 1120002
54000 1152886
54000 1095592
54000 1248578
54000 1438776
54000 1096666
54000 1230044
54000 1097052
54000 1215124
54000 1343164
54000 1084678
54000 1382910
54000 1035246
54000 1058856
54000 1363686
54000 1153706
54000 1275048
54000 1041038
54000 1214898
54000 1223992
54000 1186808
54000 1469132
54000 1278256
54000 1384352
54000 1151456
54000 1354198
55000 1144308
55000 1650822
55000 1235554
55000 1333428
55000 1256538
55000 1491766
55000 1657362
55000 1143646
55000 1181986
55000 1400074
55000 1590140
55000 1126804
55000 1206264
55000 1172518
55000 1382906
55000 1270698
55000 1298314
55000 1258776
55000 1457654
55000 1023070
55000 1142538
55000 1772754
55000 1256476
55000 1291340
55000 1321152
55000 1386510
55000 1306574
55000 1293602
55000 1134122
55000 1220504
55000 1584840
55000 1223860
55000 1365142
55000 1086822
55000 1205110
55000 1477642
55000 1319764
55000 1155330
55000 1324412
55000 1552188
55000 1236516
55000 1209340
55000 1093334
55000 1301394
55000 1587160
55000 1310094
55000 1191240
55000 1305802
55000 1354856
55000 1236118
56000 1355528
56000 1386662
56000 1507024
56000 1325766
56000 1427766
56000 1213352
56000 1161972
56000 1375050
56000 1269716
56000 1231030
56000 1100024
56000 1390996
56000 1137206
56000 1727322
56000 1313828
56000 1327878
56000 1306374
56000 1284138
56000 1074858
56000 1345044
56000 981712
56000 1593782
56000 1126116
56000 1246208
56000 1383066
56000 1193766
56000 1137442
56000 1294058
56000 1040186
56000 1553034
56000 1113206
56000 1294092
56000 1283120
56000 1280612
56000 1624060
56000 1246728
56000 1556132
56000 1531956
56000 1522916
56000 1396364
56000 1194572
56000 1279220
56000 1220618
56000 1207162
56000 1280912
56000 1320120
56000 1239782
56000 1342040
56000 1259166
56000 1295006
57000 1121040
57000 1433018
57000 1372908
57000 1468524
57000 1241768
57000 1555246
57000 1146916
57000 1240540
57000 1407482
57000 1354662
57000 1274824
57000 1493432
57000 1235880
57000 1597184
57000 1220976
57000 1282084
57000 1240750
57000 1427832
57000 1257430
57000 1165138
57000 1398380
57000 1525094
57000 1259890
57000 1241196
57000 1425056
57000 1306992
57000 1308080
57000 1137500
57000 1288338
57000 1416752
57000 1284056
57000 1446188
57000 1103080
57000 1147288
57000 1297592
57000 1426854
57000 1102340
57000 1215472
57000 1332104
57000 1571804
57000 1382474
57000 1385466
57000 1203298
57000 1412332
57000 1387498
57000 1510468
57000 1628026
57000 1301876
57000 1273712
57000 1269646
58000 1833138
58000 1729366
58000 1861298
58000 1232790
58000 1578822
58000 1306216
58000 1393570
58000 1182118
58000 1565080
58000 1266890
58000 1266334
58000 1324004
58000 1315210
58000 1143100
58000 1335020
58000 1481964
58000 1349234
58000 1485930
58000 1324688
58000 1247066
58000 1645642
58000 1344718
58000 1186468
58000 1358916
58000 1237094
58000 1150716
58000 1282294
58000 1177134
58000 1388918
58000 1163452
58000 1453480
58000 1431782
58000 1228714
58000 1464076
58000 1288464
58000 1369868
58000 1372378
58000 1347090
58000 1422682
58000 1369260
58000 1311832
58000 1295276
58000 1243010
58000 1609486
58000 1667754
58000 1314104
58000 1230948
58000 1175228
58000 1248360
58000 1253660
59000 1614238
59000 1258912
59000 1170066
59000 1251744
59000 1371956
59000 1614638
59000 1357370
59000 1264876
59000 1165242
59000 1373462
59000 1280994
59000 1152110
59000 1377624
59000 1305296
59000 1238470
59000 1420976
59000 1269504
59000 1692514
59000 1477490
59000 1447756
59000 1260022
59000 1265482
59000 1388362
59000 1433586
59000 1367682
59000 1329896
59000 1558370
59000 1415280
59000 1643878
59000 1236524
59000 1360740
59000 1113220
59000 1541980
59000 1333644
59000 1384546
59000 1375498
59000 1623434
59000 1288686
59000 1219066
59000 1366752
59000 1169068
59000 1335462
59000 1248798
59000 1292442
59000 1410130
59000 1281914
59000 1236868
59000 1416604
59000 1485776
59000 1342090
60000 1275050
60000 1390682
60000 1335302
60000 1319566
60000 1642622
60000 1540908
60000 1205472
60000 1335312
60000 1406456
60000 1703452
60000 1446754
60000 1520458
60000 1204320
60000 1446778
60000 1408384
60000 1367242
60000 1212156
60000 1170260
60000 1446422
60000 1750774
60000 1486098
60000 1340210
60000 1384868
60000 1178522
60000 1404442
60000 1293254
60000 1469810
60000 1527958
60000 1150012
60000 1396286
60000 1475970
60000 1460080
60000 1300970
60000 1387702
60000 1256260
60000 1736710
60000 1487088
60000 1447554
60000 1879710
60000 1439690
60000 1169332
60000 1315194
60000 1545588
60000 1314718
60000 1462080
60000 1194702
60000 1415036
60000 1372610
60000 1477584
60000 1326176
61000 1335588
61000 1245994
61000 1335296
61000 1476270
61000 1538994
61000 1728792
61000 1302392
61000 1359136
61000 1361600
61000 1187886
61000 1208898
61000 1508346
61000 1218204
61000 1702496
61000 1462728
61000 1372578
61000 1237234
61000 1519114
61000 1391334
61000 1336218
61000 1523646
61000 1428054
61000 1551946
61000 1750928
61000 1418802
61000 1686278
61000 1419686
61000 1543532
61000 1432972
61000 1290064
61000 1348406
61000 1297146
61000 1388098
61000 1168392
61000 1462306
61000 1446822
61000 1301856
61000 1422224
61000 1376300
61000 1251776
61000 1486926
61000 1444570
61000 1691650
61000 1273578
61000 1807298
61000 1546698
61000 1451548
61000 1438686
61000 1589740
61000 1326064
62000 1516902
62000 1490962
62000 1321410
62000 1388162
62000 1815626
62000 1482958
62000 1470518
62000 1428982
62000 1714380
62000 1322862
62000 1453248
62000 1297966
62000 1337792
62000 1469792
62000 1420682
62000 1942556
62000 1383814
62000 1398268
62000 1372528
62000 1268326
62000 1404962
62000 1341664
62000 1370964
62000 1302622
62000 1595958
62000 1243438
62000 1301670
62000 1552054
62000 1339496
62000 1296958
62000 1373288
62000 1233830
62000 1423994
62000 1577548
62000 1633304
62000 1183448
62000 1277286
62000 1312606
62000 1521960
62000 1469982
62000 1284906
62000 1284916
62000 1375784
62000 1555988
62000 1475894
62000 1263020
62000 1410814
62000 1506142
62000 1385950
62000 1590310
63000 1540808
63000 1759392
63000 1481212
63000 1387006
63000 1709964
63000 1274736
63000 1387190
63000 1565774
63000 1483066
63000 1443964
63000 1307968
63000 1425852
63000 1396888
63000 1676936
63000 1422570
63000 1280348
63000 1547758
63000 1255768
63000 1411156
63000 1268398
63000 1460788
63000 1379352
63000 1342912
63000 1409980
63000 1403872
63000 1969458
63000 1272114
63000 1767770
63000 1340924
63000 1336974
63000 1426280
63000 1714426
63000 1354404
63000 1423676
63000 1256066
63000 1414822
63000 2058568
63000 1384880
63000 1409726
63000 1452950
63000 1232768
63000 1476908
63000 1384550
63000 1247706
63000 1250714
63000 1340110
63000 1422460
63000 1655954
63000 1249700
63000 1785812
64000 1586480
64000 1665978
64000 1684080
64000 1479354
64000 1482232
64000 1491798
64000 1445264
64000 1300330
64000 1525146
64000 1489310
64000 1215120
64000 1368856
64000 1382620
64000 2150650
64000 1586972
64000 1407774
64000 1387276
64000 1481142
64000 1353684
64000 1302738
64000 1577258
64000 1555796
64000 1420844
64000 1619034
64000 1550678
64000 1347052
64000 1563048
64000 1336044
64000 1708194
64000 1544104
64000 1337378
64000 1391092
64000 1456020
64000 1792210
64000 1626666
64000 1280720
64000 1648472
64000 1434686
64000 1890774
64000 1353474
64000 1219930
64000 1525786
64000 1357360
64000 1311358
64000 1725208
64000 1498648
64000 1655822
64000 1410054
64000 1560226
64000 1830152
65000 1570540
65000 1320546
65000 1551586
65000 1402554
65000 1696772
65000 1499258
65000 1258240
65000 1764352
65000 1343090
65000 1381174
65000 1578928
65000 1442880
65000 1348390
65000 1377626
65000 1587536
65000 1905292
65000 1664218
65000 1460210
65000 1417826
65000 1821864
65000 1588096
65000 1295588
65000 1520790
65000 1683114
65000 1520638
65000 1202522
65000 1642016
65000 1490870
65000 1481774
65000 1615330
65000 1626210
65000 1362532
65000 1155314
65000 1568918
65000 1655932
65000 1712830
65000 1667524
65000 1402318
65000 1369004
65000 1587530
65000 1738802
65000 1414348
65000 1676970
65000 1700910
65000 1646450
65000 1438114
65000 1674180
65000 1661596
65000 1379876
65000 1605222
66000 1480940
66000 1520144
66000 1444434
66000 1482740
66000 1390156
66000 1464934
66000 1364940
66000 1671916
66000 1498198
66000 1471112
66000 1586574
66000 1702940
66000 1474254
66000 2172662
66000 1373844
66000 1434692
66000 1509310
66000 1407334
66000 1424910
66000 1514502
66000 1433578
66000 1977772
66000 1643288
66000 1476682
66000 1650346
66000 1391464
66000 1493508
66000 1587626
66000 1538354
66000 2065782
66000 1360166
66000 1539650
66000 1310086
66000 1857966
66000 1674510
66000 1475092
66000 1545728
66000 1348682
66000 1527566
66000 1612448
66000 1603842
66000 1412542
66000 1373280
66000 1452456
66000 1506614
66000 1843188
66000 1600284
66000 1257326
66000 1940908
66000 1614944
67000 1723792
67000 1719946
67000 1674656
67000 1440872
67000 1397260
67000 1638002
67000 1574088
67000 1719600
67000 1775726
67000 1671480
67000 1712566
67000 1874646
67000 1340556
67000 1813330
67000 1494980
67000 1385602
67000 1972294
67000 1400736
67000 1599124
67000 1592240
67000 1567956
67000 1484358
67000 1398380
67000 1557956
67000 1995724
67000 1566348
67000 1512428
67000 1418264
67000 1520176
67000 1380950
67000 1564120
67000 1688728
67000 1461738
67000 1470576
67000 1572620
67000 1638020
67000 1553684
67000 1398264
67000 1504324
67000 1496106
67000 1309384
67000 1581032
67000 1766462
67000 1447594
67000 1612684
67000 1740346
67000 1443472
67000 1975932
67000 1413698
67000 1598390
68000 1454572
68000 1597996
68000 1621210
68000 1637056
68000 1499896
68000 1514530
68000 1721058
68000 1337448
68000 1604328
68000 1576246
68000 1552634
68000 1492358
68000 1603562
68000 2164238
68000 1468196
68000 1442908
68000 1901650
68000 1394586
68000 2041980
68000 1535656
68000 1534760
68000 1519006
68000 1381084
68000 1444882
68000 1554674
68000 1581562
68000 1528190
68000 1690628
68000 1309818
68000 1361602
68000 1488306
68000 1533134
68000 1474034
68000 1453926
68000 1827330
68000 1506252
68000 1869498
68000 1683296
68000 1706196
68000 1620628
68000 1676030
68000 1440760
68000 1566828
68000 1843580
68000 2063026
68000 1617434
68000 1656164
68000 1351358
68000 1673466
68000 1580670
69000 1483168
69000 1651872
69000 1625268
69000 1574982
69000 1548242
69000 1622166
69000 1543464
69000 1620354
69000 2248044
69000 1583036
69000 1370536
69000 1459640
69000 1450424
69000 1568596
69000 1717454
69000 1544676
69000 1650082
69000 1687094
69000 1608672
69000 1583730
69000 1809932
69000 1734054
69000 1376168
69000 1767032
69000 1517442
69000 1383528
69000 1804354
69000 1696850
69000 1506326
69000 1600858
69000 1733296
69000 1462672
69000 1465642
69000 1762098
69000 1693432
69000 1576196
69000 1595786
69000 1625200
69000 1548554
69000 1656100
69000 2258298
69000 1858112
69000 1548152
69000 1314682
69000 1693620
69000 1514042
69000 1578932
69000 1642436
69000 1721988
69000 2266146
70000 1745552
70000 1416870
70000 1566684
70000 1634106
70000 1545134
70000 1652820
70000 1527562
70000 1431358
70000 1682620
70000 1383068
70000 1610542
70000 1692670
70000 1657802
70000 1645546
70000 1634576
70000 1490140
70000 1376904
70000 1669320
70000 1736980
70000 2100428
70000 1461072
70000 1539634
70000 1686264
70000 1502936
70000 1475972
70000 1656642
70000 1735700
70000 2032798
70000 1391454
70000 1600078
70000 1700380
70000 1445582
70000 1480822
70000 1626370
70000 1766040
70000 1831352
70000 1554738
70000 1581862
70000 1796728
70000 1551122
70000 1628062
70000 1481828
70000 1882538
70000 1861172
70000 1897916
70000 1884284
70000 2092726
70000 1405926
70000 1445150
70000 1413494
71000 1907278
71000 1493206
71000 1622388
71000 1532556
71000 1687886
71000 1616506
71000 1428216
71000 1499616
71000 1544600
71000 1437932
71000 1722764
71000 1394614
71000 1728070
71000 1818560
71000 1944992
71000 1698608
71000 1482072
71000 1525572
71000 1649874
71000 1516752
71000 1547636
71000 1773820
71000 1285510
71000 1366712
71000 1735658
71000 1682718
71000 1568970
71000 1660266
71000 1480776
71000 1647782
71000 1585138
71000 1570490
71000 1851354
71000 1979092
71000 1570146
71000 1752884
71000 1686436
71000 1523884
71000 1360584
71000 1678366
71000 1562790
71000 1509930
71000 1867236
71000 1618280
71000 1565028
71000 2053756
71000 1689102
71000 1585768
71000 1667484
71000 1767768
72000 1850308
72000 1506612
72000 1669368
72000 1514728
72000 1965318
72000 1592404
72000 1779010
72000 1967772
72000 1694528
72000 1605976
72000 1510292
72000 1773090
72000 1654128
72000 2115858
72000 1800344
72000 1586472
72000 1682302
72000 1909804
72000 1774976
72000 1759780
72000 2019854
72000 1557894
72000 1563220
72000 1465528
72000 1936890
72000 1770230
72000 1767356
72000 1670364
72000 1536620
72000 1574740
72000 1680246
72000 1709724
72000 1484092
72000 1708686
72000 1674620
72000 2080450
72000 1660754
72000 1755376
72000 1628604
72000 1696040
72000 1691188
72000 1535738
72000 1484532
72000 1622014
72000 1746268
72000 1606598
72000 1709070
72000 2024872
72000 1960870
72000 1493688
73000 1568818
73000 1474202
73000 1615212
73000 1901600
73000 1883906
73000 1469248
73000 1682652
73000 1641728
73000 1878038
73000 1867704
73000 1620786
73000 1915976
73000 1702332
73000 1927630
73000 1609168
73000 1542940
73000 1890016
73000 1500334
73000 1556472
73000 1594992
73000 1617156
73000 2198764
73000 1595682
73000 1840518
73000 1704784
73000 1677030
73000 1550682
73000 1586412
73000 1584292
73000 1562880
73000 1766714
73000 1418314
73000 2121990
73000 1874196
73000 1633590
73000 1816150
73000 1700328
73000 1642210
73000 1778630
73000 1924492
73000 1574360
73000 1758756
73000 1623390
73000 1419686
73000 1670574
73000 1838832
73000 1794450
73000 1831066
73000 1561426
73000 1738754
74000 1668922
74000 1544490
74000 1891322
74000 1543122
74000 1769280
74000 2034082
74000 1710936
74000 2075438
74000 1862370
74000 1627380
74000 1574068
74000 1642148
74000 2034586
74000 1670356
74000 2156420
74000 1873346
74000 1650730
74000 1763534
74000 1596098
74000 1850580
74000 1788580
74000 1674482
74000 1551822
74000 1571644
74000 1955168
74000 1940816
74000 1645488
74000 1674724
74000 1545622
74000 1627788
74000 1604866
74000 1539962
74000 1718856
74000 1671290
74000 1501120
74000 1899412
74000 1519846
74000 1546486
74000 1549470
74000 1755408
74000 1707182
74000 1565038
74000 1712866
74000 1759228
74000 1977242
74000 1998822
74000 1545788
74000 1777602
74000 1752388
74000 1691432
75000 2039654
75000 1762612
75000 1792216
75000 1596352
75000 1814652
75000 2158520
75000 1990370
75000 1625566
75000 1693700
75000 1600286
75000 1748704
75000 1956604
75000 1586526
75000 1732976
75000 1842194
75000 1977402
75000 1578658
75000 1726600
75000 1631990
75000 1535568
75000 2532404
75000 1983208
75000 1876216
75000 1831480
75000 2039008
75000 1877080
75000 1665424
75000 1875498
75000 1718982
75000 1665804
75000 2193048
75000 1466792
75000 1715422
75000 1605756
75000 1672044
75000 1660300
75000 1554496
75000 1712018
75000 1802682
75000 1587314
75000 1627798
75000 1611002
75000 1838972
75000 1921814
75000 1782646
75000 1585888
75000 1709502
75000 1720294
75000 1630946
75000 1772724
76000 1806738
76000 1851402
76000 2017720
76000 1617366
76000 1733002
76000 1558216
76000 2032120
76000 2002222
76000 1789120
76000 1664386
76000 1723962
76000 1723708
76000 1766196
76000 2422148
76000 1903824
76000 1649152
76000 1755092
76000 1695460
76000 1683138
76000 1799482
76000 1649646
76000 1669692
76000 1502296
76000 1788462
76000 1981542
76000 2441654
76000 2178742
76000 1742518
76000 1636018
76000 1665790
76000 1776324
76000 1937714
76000 1587994
76000 1478992
76000 1544100
76000 1705508
76000 1696704
76000 2062874
76000 1867874
76000 1735190
76000 1634726
76000 1844618
76000 1859864
76000 1686640
76000 1605082
76000 2135248
76000 1652888
76000 1926562
76000 1692074
76000 1981330
77000 1733284
77000 1768196
77000 2248100
77000 1795158
77000 1722630
77000 2080002
77000 1967722
77000 1566938
77000 1779410
77000 2249928
77000 1490780
77000 1958792
77000 1662736
77000 2024238
77000 2199544
77000 1740914
77000 1974704
77000 2096638
77000 1980818
77000 1847476
77000 1637840
77000 1944932
77000 2047908
77000 1643226
77000 1605546
77000 2304686
77000 1640860
77000 1603980
77000 1742670
77000 1513516
77000 1741646
77000 1961764
77000 2067010
77000 1770718
77000 1918782
77000 1652042
77000 1801318
77000 1784676
77000 1629578
77000 1711820
77000 1661486
77000 2099038
77000 1777676
77000 1921276
77000 1939936
77000 1907924
77000 1958636
77000 1866692
77000 1783754
77000 2014046
78000 2271336
78000 1679828
78000 1617444
78000 1711444
78000 1635958
78000 1663348
78000 1941376
78000 1681608
78000 1980550
78000 1607590
78000 1778278
78000 2125750
78000 1638180
78000 2338084
78000 1623856
78000 1714218
78000 1512448
78000 1857936
78000 1704936
78000 1683886
78000 1921414
78000 1645952
78000 2219638
78000 1586376
78000 1980878
78000 1799908
78000 1949834
78000 1722486
78000 2339706
78000 1965384
78000 1937504
78000 1777942
78000 1867532
78000 1769612
78000 1823214
78000 1804080
78000 1782420
78000 1731866
78000 1867802
78000 1904904
78000 1635098
78000 1959926
78000 1578886
78000 1863236
78000 1925422
78000 1973004
78000 1821026
78000 1646152
78000 2521430
78000 1985600
79000 2123046
79000 1632574
79000 1810682
79000 1724060
79000 1949784
79000 1672728
79000 1918954
79000 1579542
79000 1912400
79000 1742938
79000 2035862
79000 2034908
79000 1737156
79000 1787422
79000 2115454
79000 1872316
79000 2047436
79000 1568098
79000 1625584
79000 1630746
79000 1568090
79000 1624054
79000 1911488
79000 1661832
79000 1803942
79000 1755800
79000 2133620
79000 1702068
79000 1895004
79000 1596702
79000 2160132
79000 1829904
79000 1901448
79000 1845434
79000 1813122
79000 1955310
79000 2032940
79000 1987042
79000 1884076
79000 2093746
79000 1792806
79000 1703000
79000 1842664
79000 1839044
79000 1857366
79000 1596722
79000 1772004
79000 2219578
79000 1849928
79000 2085778
80000 2173864
80000 1948484
80000 1956196
80000 2180136
80000 1632548
80000 2021154
80000 2331620
80000 1687792
80000 1721208
80000 1849706
80000 1676520
80000 1767666
80000 2100312
80000 1720028
80000 2124828
80000 2000706
80000 1968002
80000 1806386
80000 1545982
80000 1742022
80000 1915784
80000 1549170
80000 1774852
80000 1635652
80000 1703696
80000 1844354
80000 1965032
80000 1891358
80000 2100480
80000 1689000
80000 1949636
80000 2062878
80000 1701772
80000 2167336
80000 1526068
80000 1696468
80000 1669234
80000 1648334
80000 2116372
80000 1796506
80000 1928666
80000 1780442
80000 2171450
80000 2062874
80000 1943974
80000 2356026
80000 1836104
80000 1724616
80000 1854130
80000 1648054
81000 1742406
81000 1871822
81000 1950378
81000 1950190
81000 2042932
81000 1984436
81000 2118508
81000 1923742
81000 1777938
81000 1864056
81000 1725910
81000 1865788
81000 1619782
81000 1647938
81000 2422552
81000 1832896
81000 1832618
81000 1937146
81000 1867244
81000 1853208
81000 2028330
81000 1713234
81000 1998868
81000 1927322
81000 1763540
81000 2037996
81000 2358206
81000 2058022
81000 1809298
81000 2027704
81000 1878248
81000 1892196
81000 1977004
81000 1780932
81000 2044538
81000 1574924
81000 1798882
81000 2222888
81000 1904628
81000 2037464
81000 1836104
81000 1829628
81000 1985002
81000 1857876
81000 2156616
81000 1824010
81000 1663586
81000 2218178
81000 1557842
81000 2491006
82000 1851830
82000 1930944
82000 1814402
82000 1892166
82000 1988698
82000 1765124
82000 1969162
82000 1718586
82000 2024368
82000 2521270
82000 2167616
82000 2442016
82000 1852160
82000 1921236
82000 1827756
82000 2095846
82000 2169886
82000 1883308
82000 1775216
82000 1966230
82000 2038612
82000 2059646
82000 2011088
82000 1804268
82000 1985496
82000 1757114
82000 2109738
82000 1760650
82000 1632650
82000 1818036
82000 1755004
82000 2049472
82000 1914888
82000 1899000
82000 2068584
82000 2040252
82000 1883068
82000 1844486
82000 2135462
82000 1829836
82000 1665332
82000 1936810
82000 1750788
82000 1777750
82000 2256340
82000 2183804
82000 1724154
82000 1929360
82000 1814670
82000 2258934
83000 2174516
83000 1809902
83000 1939134
83000 1957476
83000 2109298
83000 2237216
83000 1817828
83000 2046500
83000 1685990
83000 1915690
83000 1751102
83000 1688350
83000 1824992
83000 1746442
83000 1616196
83000 2150522
83000 1760952
83000 2126730
83000 2047154
83000 1766706
83000 1904418
83000 1819352
83000 1972954
83000 1885648
83000 1820874
83000 2020932
83000 1970722
83000 1808630
83000 1880726
83000 1935766
83000 1924276
83000 1915996
83000 2095644
83000 1843752
83000 1985380
83000 1864024
83000 1981870
83000 2134732
83000 1869210
83000 1968816
83000 2003526
83000 1811660
83000 2280662
83000 2059572
83000 1714820
83000 2390000
83000 2658454
83000 1857236
83000 1898072
83000 1823640
84000 1812874
84000 1859132
84000 2123912
84000 1966480
84000 2040346
84000 1933360
84000 2180224
84000 2243326
84000 1979066
84000 2491174
84000 2376712
84000 2269598
84000 2373474
84000 1843800
84000 1738586
84000 1758112
84000 1868620
84000 2297646
84000 2037750
84000 1834196
84000 2253880
84000 1834374
84000 2157054
84000 2077790
84000 2001634
84000 2034406
84000 1750136
84000 2085310
84000 1911588
84000 1915234
84000 1851594
84000 1770224
84000 2061654
84000 2038186
84000 2111580
84000 2007370
84000 1958434
84000 2069000
84000 1963446
84000 1870624
84000 1968432
84000 1870310
84000 2208968
84000 2413868
84000 1915906
84000 1854380
84000 2464738
84000 2520874
84000 1830748
84000 2051874
85000 1851246
85000 1975494
85000 2103160
85000 2174860
85000 2377266
85000 2189698
85000 2067236
85000 1950260
85000 1973714
85000 1824096
85000 1871924
85000 2011504
85000 2244396
85000 2306582
85000 2263502
85000 1920574
85000 1843600
85000 2393766
85000 2444668
85000 2038372
85000 1988788
85000 1903036
85000 2137030
85000 2216498
85000 1833206
85000 2298408
85000 2156870
85000 1911052
85000 2211316
85000 1949466
85000 1860164
85000 2015234
85000 2126856
85000 1878610
85000 2142946
85000 2091782
85000 1863122
85000 2084294
85000 1978090
85000 2045794
85000 2377960
85000 1964522
85000 1859068
85000 1873086
85000 1952606
85000 2071276
85000 2182992
85000 1694270
85000 1927686
85000 2257650
86000 2252568
86000 1846810
86000 2169706
86000 1893918
86000 1945462
86000 2562802
86000 2072166
86000 1979148
86000 1951842
86000 1877230
86000 1977656
86000 2136794
86000 2075570
86000 1895278
86000 1655960
86000 1926208
86000 2283526
86000 1961764
86000 1817818
86000 2158856
86000 2073406
86000 1969860
86000 1688826
86000 2131116
86000 1839384
86000 2054564
86000 2297042
86000 1940152
86000 1945088
86000 1928650
86000 2009366
86000 1917072
86000 1961494
86000 2020102
86000 1956624
86000 1859180
86000 2251778
86000 1758566
86000 1925018
86000 2042812
86000 1953938
86000 1744908
86000 2099014
86000 1766654
86000 2367086
86000 1934124
86000 2060384
86000 2226446
86000 1982464
86000 1936376
87000 2340146
87000 2066986
87000 2141696
87000 2053358
87000 2319250
87000 2083102
87000 1866302
87000 2008200
87000 2158016
87000 1798260
87000 1997208
87000 1937868
87000 1964990
87000 1976416
87000 1864540
87000 1991222
87000 2210222
87000 1971026
87000 1746054
87000 2711680
87000 2139842
87000 1972598
87000 2256944
87000 1768750
87000 1996772
87000 2119082
87000 2209592
87000 2023706
87000 1825544
87000 1895126
87000 1977500
87000 1886058
87000 2230724
87000 1993428
87000 1851996
87000 2001130
87000 1892720
87000 1810970
87000 2229316
87000 2053894
87000 1967168
87000 2172246
87000 1913174
87000 2212370
87000 2292348
87000 1971774
87000 1964040
87000 1809308
87000 2219100
87000 1987756
88000 2092016
88000 1993738
88000 1914306
88000 2099582
88000 2164178
88000 2058856
88000 2161522
88000 2442184
88000 2331456
88000 1870058
88000 1926220
88000 1867178
88000 1958812
88000 2145478
88000 2075870
88000 1867710
88000 2124678
88000 2325364
88000 2066078
88000 2003498
88000 2075840
88000 2234446
88000 2038860
88000 1858914
88000 1946228
88000 1924816
88000 2330534
88000 2276750
88000 2458128
88000 1989720
88000 2145460
88000 1820428
88000 1898246
88000 1945980
88000 1865938
88000 1992430
88000 1856506
88000 2118782
88000 2018416
88000 2486948
88000 1905904
88000 2306476
88000 1899338
88000 1938488
88000 2091032
88000 1956876
88000 2228024
88000 1970680
88000 2172706
88000 2104364
89000 2331576
89000 2173666
89000 2145984
89000 2249576
89000 2092302
89000 2219456
89000 1949620
89000 2352506
89000 2037390
89000 2143150
89000 2103860
89000 2085966
89000 1989496
89000 2283172
89000 2094674
89000 2853090
89000 2351348
89000 2622952
89000 1874650
89000 2354942
89000 2273224
89000 2743708
89000 2392054
89000 2110596
89000 1937334
89000 1972404
89000 2086014
89000 1848774
89000 1959438
89000 2619246
89000 2266034
89000 2384132
89000 2131056
89000 2064362
89000 2094808
89000 2286496
89000 2005716
89000 1946290
89000 2338674
89000 2290092
89000 2221822
89000 2190662
89000 2083104
89000 1853738
89000 2067584
89000 2256046
89000 2008490
89000 2022218
89000 2037064
89000 2266160
90000 2307952
90000 1891852
90000 2528602
90000 2092644
90000 2505116
90000 2075780
90000 2714636
90000 2170808
90000 2143732
90000 2295266
90000 1997358
90000 2226438
90000 2667342
90000 2297134
90000 2397600
90000 1958662
90000 2047704
90000 2243038
90000 2031318
90000 2054456
90000 1923320
90000 1800274
90000 2010494
90000 2391872
90000 1928952
90000 2455092
90000 1856646
90000 2098960
90000 2060730
90000 1934406
90000 1956788
90000 2399688
90000 2417944
90000 2173158
90000 2313558
90000 1911166
90000 2104856
90000 2173378
90000 2450802
90000 2010554
90000 2162118
90000 1956196
90000 2130062
90000 2021450
90000 2103526
90000 1915074
90000 2026354
90000 1969382
90000 1890730
90000 1990644
91000 2845820
91000 2331874
91000 2018612
91000 2249218
91000 2281182
91000 2123974
91000 1923804
91000 2277332
91000 2144278
91000 2676178
91000 2442774
91000 2064992
91000 1866198
91000 2526524
91000 2309170
91000 2398074
91000 2228914
91000 2181646
91000 1886758
91000 2001730
91000 2135648
91000 2048502
91000 2147856
91000 2260694
91000 2461948
91000 1978494
91000 2230202
91000 2448830
91000 2590880
91000 1963782
91000 2157904
91000 2125150
91000 2162482
91000 2023770
91000 2104368
91000 2142790
91000 1946920
91000 2163640
91000 2145780
91000 2083130
91000 2336894
91000 2375238
91000 1817478
91000 2168826
91000 1846888
91000 2465878
91000 2730748
91000 1944850
91000 2166576
91000 2034388
92000 2498376
92000 2246872
92000 2042418
92000 1958878
92000 2264764
92000 2544466
92000 2101064
92000 2035702
92000 2908530
92000 3109404
92000 2034990
92000 2224308
92000 2302978
92000 1973450
92000 2063734
92000 2153254
92000 2141594
92000 2140496
92000 2171024
92000 2262148
92000 2402528
92000 1833788
92000 2129478
92000 2406982
92000 2007410
92000 2470266
92000 1950988
92000 2476020
92000 2267224
92000 2220082
92000 2001060
92000 1980734
92000 2575422
92000 2140178
92000 2403136
92000 2510300
92000 2402334
92000 2131548
92000 2368664
92000 1971960
92000 2184086
92000 2198686
92000 1945982
92000 2189848
92000 2261802
92000 2215782
92000 2902652
92000 2222584
92000 2503066
92000 2230446
93000 2157976
93000 2073044
93000 2009482
93000 2126802
93000 2296408
93000 2465328
93000 2109086
93000 1990972
93000 1964348
93000 2093592
93000 2328192
93000 2289764
93000 2051436
93000 2011812
93000 2239810
93000 1879868
93000 2453060
93000 2178826
93000 2580856
93000 2226784
93000 1979946
93000 2449846
93000 1978540
93000 2221688
93000 2063648
93000 2247854
93000 2305276
93000 2146358
93000 2767600
93000 2432756
93000 2319040
93000 2430034
93000 2408138
93000 2330144
93000 2094516
93000 2430002
93000 2240270
93000 1972496
93000 2539458
93000 2159318
93000 2331192
93000 2331856
93000 2062250
93000 1927620
93000 1984256
93000 2027234
93000 2050316
93000 2556386
93000 2046440
93000 1998314
94000 2939118
94000 2063226
94000 2363876
94000 2193430
94000 2164852
94000 1949368
94000 2423642
94000 2400564
94000 2040360
94000 2218470
94000 2096596
94000 2744624
94000 2250664
94000 2216714
94000 2545878
94000 2254564
94000 2210432
94000 2280028
94000 2632564
94000 2045878
94000 1971230
94000 2492330
94000 2027552
94000 2113830
94000 2172980
94000 2677004
94000 1984006
94000 2273276
94000 2094388
94000 2069542
94000 2083946
94000 2076162
94000 2325108
94000 2476324
94000 2439330
94000 2322260
94000 1990474
94000 2121804
94000 2411480
94000 2281664
94000 2398632
94000 2094450
94000 2021454
94000 2172084
94000 2204436
94000 2396950
94000 2073210
94000 2262372
94000 1939224
94000 2277156
95000 2556140
95000 2522734
95000 2247442
95000 2070624
95000 2317350
95000 2435094
95000 1968226
95000 2157628
95000 2087592
95000 2182182
95000 2113118
95000 2479320
95000 1853812
95000 2331116
95000 2257750
95000 2173942
95000 2143406
95000 2194174
95000 2266434
95000 2322466
95000 2611334
95000 2141680
95000 2286500
95000 2316528
95000 2735146
95000 2106290
95000 2152116
95000 2048032
95000 2161390
95000 2344962
95000 2162672
95000 2012502
95000 2136114
95000 1976658
95000 2351808
95000 2204784
95000 2098404
95000 2053194
95000 2523190
95000 2641150
95000 2190494
95000 2481870
95000 2056002
95000 2279404
95000 2383924
95000 2764612
95000 2201846
95000 2129030
95000 2570512
95000 1988804
96000 2394080
96000 2289826
96000 2153208
96000 2225976
96000 2194470
96000 2270816
96000 2949260
96000 2141354
96000 2467880
96000 2013174
96000 2659948
96000 2194374
96000 2110404
96000 2461762
96000 2668582
96000 3184612
96000 2101064
96000 2310480
96000 2171810
96000 2315468
96000 2568456
96000 3064520
96000 2206860
96000 2555866
96000 2462006
96000 1987138
96000 2383320
96000 2160874
96000 2157896
96000 2185286
96000 2231406
96000 1996424
96000 2551604
96000 1970160
96000 2786570
96000 2460476
96000 2058754
96000 2141500
96000 2326400
96000 2300870
96000 2619540
96000 2420002
96000 2639370
96000 2694654
96000 2491916
96000 2377704
96000 2171832
96000 2706526
96000 2071916
96000 2380840
97000 3035230
97000 2112370
97000 2227164
97000 2173460
97000 2131646
97000 2295468
97000 2640852
97000 2171550
97000 2233886
97000 2039410
97000 2594356
97000 2513218
97000 2276120
97000 2794392
97000 2557588
97000 2325314
97000 2464644
97000 2345002
97000 2248608
97000 2043622
97000 2233132
97000 2159592
97000 2424680
97000 2353360
97000 2277492
97000 2370986
97000 2277302
97000 2110748
97000 2358380
97000 2498550
97000 2514836
97000 2112466
97000 2806960
97000 2196464
97000 2299552
97000 2782338
97000 2373884
97000 2406538
97000 2254322
97000 2316920
97000 2441722
97000 1940912
97000 2065808
97000 2627696
97000 2577188
97000 2228078
97000 3260430
97000 2344648
97000 2331990
97000 2399418
98000 2519392
98000 2385872
98000 2112130
98000 2102704
98000 1974728
98000 2336404
98000 2106950
98000 2126314
98000 2587840
98000 2421792
98000 2235894
98000 2008356
98000 2560020
98000 2770358
98000 2451384
98000 2160302
98000 2462680
98000 2359040
98000 2333166
98000 2367798
98000 2175794
98000 2187624
98000 2188462
98000 2218294
98000 2156320
98000 2863530
98000 2319416
98000 2562522
98000 2531068
98000 2401748
98000 2132380
98000 2536980
98000 1963388
98000 2613244
98000 2206754
98000 2294428
98000 2844442
98000 2302158
98000 2185840
98000 2365556
98000 2190668
98000 2215678
98000 2006146
98000 2640704
98000 2485444
98000 2200958
98000 2754264
98000 2904400
98000 2123572
98000 2196940
99000 2218362
99000 2287018
99000 2545288
99000 2258236
99000 2132718
99000 1913598
99000 3077496
99000 2607868
99000 2457096
99000 2479496
99000 2201958
99000 2517146
99000 2611374
99000 2311932
99000 2417496
99000 2003764
99000 2714720
99000 2544434
99000 2328202
99000 2169076
99000 2908392
99000 2464962
99000 2544404
99000 2448872
99000 1976360
99000 2385586
99000 2355026
99000 2382822
99000 2253144
99000 2248944
99000 2278948
99000 2713252
99000 2244090
99000 2390146
99000 2548658
99000 2177376
99000 3340080
99000 2473492
99000 2454602
99000 1967878
99000 2216172
99000 2012228
99000 2132620
99000 2760236
99000 2049738
99000 2184276
99000 2771212
99000 2178880
99000 2381006
99000 2264074
100000 3125322
100000 2358332
100000 2388138
100000 2638456
100000 2726052
100000 2255770
100000 2301962
100000 2260746
100000 2279122
100000 2222276
100000 2236824
100000 2927742
100000 3181432
100000 2195134
100000 2511740
100000 2423418
100000 2686240
100000 2375310
100000 1978448
100000 2125276
100000 2515836
100000 1961630
100000 2829100
100000 2167730
100000 2300054
100000 2180174
100000 2153998
100000 2595194
100000 2456720
100000 2468782
100000 2110026
100000 2404058
100000 2106618
100000 2300146
100000 2080792
100000 2506364
100000 2046868
100000 2262988
100000 2753900
100000 2615438
100000 2235496
100000 2506742
100000 2602158
100000 2168364
100000 2293284
100000 2690960
100000 2186150
100000 2387222
100000 2859988
100000 2113864
