1000 359
1000 360
1000 378
1000 379
1000 371
1000 339
1000 366
1000 364
1000 382
1000 366
1000 360
1000 366
1000 367
1000 370
1000 377
1000 359
1000 355
1000 352
1000 368
1000 370
1000 391
1000 363
1000 361
1000 374
1000 375
1000 362
1000 368
1000 364
1000 372
1000 354
1000 376
1000 363
1000 363
1000 362
1000 365
1000 365
1000 373
1000 363
1000 373
1000 377
1000 373
1000 371
1000 362
1000 371
1000 371
1000 349
1000 368
1000 362
1000 371
1000 362
2000 723
2000 748
2000 723
2000 726
2000 741
2000 742
2000 756
2000 729
2000 733
2000 750
2000 714
2000 742
2000 747
2000 733
2000 734
2000 740
2000 748
2000 723
2000 740
2000 742
2000 730
2000 741
2000 728
2000 743
2000 733
2000 728
2000 726
2000 725
2000 733
2000 757
2000 768
2000 751
2000 744
2000 725
2000 713
2000 730
2000 749
2000 734
2000 730
2000 750
2000 732
2000 731
2000 736
2000 739
2000 760
2000 742
2000 754
2000 734
2000 752
2000 749
3000 1110
3000 1070
3000 1092
3000 1121
3000 1104
3000 1112
3000 1073
3000 1103
3000 1095
3000 1096
3000 1086
3000 1098
3000 1096
3000 1121
3000 1128
3000 1103
3000 1099
3000 1102
3000 1098
3000 1094
3000 1123
3000 1099
3000 1114
3000 1115
3000 1138
3000 1101
3000 1107
3000 1135
3000 1085
3000 1109
3000 1075
3000 1099
3000 1078
3000 1073
3000 1100
3000 1112
3000 1119
3000 1103
3000 1089
3000 1095
3000 1084
3000 1124
3000 1131
3000 1076
3000 1099
3000 1098
3000 1099
3000 1110
3000 1082
3000 1093
4000 1509
4000 1435
4000 1477
4000 1518
4000 1479
4000 1487
4000 1471
4000 1490
4000 1485
4000 1491
4000 1467
4000 1475
4000 1499
4000 1476
4000 1463
4000 1474
4000 1443
4000 1481
4000 1479
4000 1490
4000 1480
4000 1496
4000 1496
4000 1493
4000 1502
4000 1465
4000 1472
4000 1481
4000 1485
4000 1478
4000 1413
4000 1475
4000 1487
4000 1465
4000 1465
4000 1505
4000 1452
4000 1491
4000 1488
4000 1478
4000 1451
4000 1451
4000 1475
4000 1469
4000 1464
4000 1472
4000 1494
4000 1469
4000 1483
4000 1467
5000 1849
5000 1872
5000 1859
5000 1819
5000 1835
5000 1838
5000 1825
5000 1879
5000 1869
5000 1856
5000 1809
5000 1834
5000 1886
5000 1831
5000 1831
5000 1869
5000 1816
5000 1837
5000 1812
5000 1831
5000 1854
5000 1830
5000 1837
5000 1835
5000 1840
5000 1835
5000 1846
5000 1868
5000 1857
5000 1824
5000 1827
5000 1806
5000 1850
5000 1843
5000 1834
5000 1792
5000 1817
5000 1832
5000 1812
5000 1852
5000 1887
5000 1870
5000 1855
5000 1871
5000 1851
5000 1804
5000 1836
5000 1840
5000 1845
5000 1846
6000 2224
6000 2202
6000 2210
6000 2189
6000 2220
6000 2217
6000 2188
6000 2268
6000 2220
6000 2233
6000 2227
6000 2173
6000 2239
6000 2206
6000 2203
6000 2174
6000 2198
6000 2182
6000 2193
6000 2220
6000 2240
6000 2212
6000 2226
6000 2260
6000 2212
6000 2213
6000 2207
6000 2244
6000 2211
6000 2230
6000 2170
6000 2171
6000 2183
6000 2225
6000 2176
6000 2155
6000 2197
6000 2196
6000 2179
6000 2225
6000 2261
6000 2225
6000 2218
6000 2215
6000 2227
6000 2198
6000 2190
6000 2188
6000 2242
6000 2218
7000 2556
7000 2629
7000 2599
7000 2564
7000 2605
7000 2578
7000 2555
7000 2664
7000 2571
7000 2557
7000 2594
7000 2569
7000 2600
7000 2548
7000 2577
7000 2582
7000 2576
7000 2570
7000 2535
7000 2579
7000 2620
7000 2615
7000 2572
7000 2613
7000 2558
7000 2617
7000 2567
7000 2584
7000 2603
7000 2571
7000 2556
7000 2549
7000 2565
7000 2583
7000 2522
7000 2549
7000 2538
7000 2514
7000 2499
7000 2596
7000 2625
7000 2579
7000 2606
7000 2565
7000 2587
7000 2565
7000 2551
7000 2591
7000 2585
7000 2556
8000 2949
8000 2944
8000 3009
8000 2939
8000 2941
8000 2977
8000 2946
8000 2975
8000 2924
8000 2990
8000 2933
8000 2956
8000 2982
8000 2919
8000 2976
8000 2959
8000 2947
8000 2914
8000 2934
8000 2966
8000 2943
8000 2954
8000 2960
8000 2916
8000 2963
8000 2979
8000 2959
8000 3016
8000 2924
8000 2945
8000 2947
8000 2898
8000 2917
8000 2950
8000 2903
8000 2872
8000 2927
8000 2918
8000 2904
8000 2962
8000 3021
8000 2948
8000 2989
8000 2983
8000 2959
8000 2909
8000 2945
8000 2907
8000 2992
8000 2999
9000 3318
9000 3285
9000 3341
9000 3341
9000 3318
9000 3304
9000 3311
9000 3337
9000 3333
9000 3323
9000 3289
9000 3360
9000 3350
9000 3322
9000 3257
9000 3295
9000 3325
9000 3316
9000 3307
9000 3307
9000 3331
9000 3346
9000 3319
9000 3290
9000 3298
9000 3347
9000 3254
9000 3294
9000 3286
9000 3316
9000 3301
9000 3298
9000 3302
9000 3353
9000 3336
9000 3295
9000 3283
9000 3267
9000 3285
9000 3338
9000 3295
9000 3310
9000 3320
9000 3339
9000 3275
9000 3308
9000 3298
9000 3309
9000 3326
9000 3279
10000 3656
10000 3663
10000 3685
10000 3672
10000 3682
10000 3699
10000 3714
10000 3726
10000 3734
10000 3672
10000 3670
10000 3671
10000 3681
10000 3674
10000 3628
10000 3706
10000 3683
10000 3615
10000 3717
10000 3665
10000 3731
10000 3697
10000 3680
10000 3656
10000 3656
10000 3673
10000 3662
10000 3651
10000 3663
10000 3651
10000 3676
10000 3685
10000 3707
10000 3669
10000 3691
10000 3691
10000 3636
10000 3712
10000 3651
10000 3678
10000 3688
10000 3653
10000 3633
10000 3692
10000 3622
10000 3693
10000 3634
10000 3736
10000 3668
10000 3644
11000 4050
11000 4060
11000 4089
11000 4114
11000 4035
11000 4000
11000 4026
11000 4024
11000 4078
11000 4100
11000 4032
11000 4114
11000 4106
11000 3993
11000 4020
11000 4054
11000 4016
11000 3988
11000 4026
11000 4037
11000 4032
11000 4070
11000 4096
11000 3986
11000 4065
11000 4046
11000 4027
11000 4007
11000 4027
11000 4035
11000 4076
11000 4089
11000 4108
11000 4046
11000 4105
11000 3996
11000 4049
11000 4040
11000 4025
11000 4070
11000 4028
11000 4055
11000 4049
11000 4038
11000 4041
11000 4029
11000 4026
11000 4072
11000 4026
11000 4006
12000 4396
12000 4413
12000 4395
12000 4465
12000 4396
12000 4441
12000 4465
12000 4474
12000 4408
12000 4433
12000 4381
12000 4462
12000 4432
12000 4425
12000 4365
12000 4438
12000 4481
12000 4366
12000 4439
12000 4380
12000 4461
12000 4441
12000 4421
12000 4419
12000 4384
12000 4415
12000 4384
12000 4376
12000 4335
12000 4432
12000 4444
12000 4399
12000 4426
12000 4433
12000 4501
12000 4404
12000 4428
12000 4404
12000 4392
12000 4375
12000 4349
12000 4361
12000 4395
12000 4452
12000 4374
12000 4437
12000 4444
12000 4458
12000 4458
12000 4397
13000 4793
13000 4757
13000 4796
13000 4787
13000 4840
13000 4804
13000 4772
13000 4762
13000 4760
13000 4793
13000 4796
13000 4808
13000 4811
13000 4836
13000 4723
13000 4814
13000 4768
13000 4702
13000 4719
13000 4791
13000 4807
13000 4829
13000 4792
13000 4782
13000 4786
13000 4788
13000 4814
13000 4740
13000 4742
13000 4721
13000 4785
13000 4794
13000 4816
13000 4783
13000 4830
13000 4772
13000 4751
13000 4788
13000 4714
13000 4812
13000 4752
13000 4825
13000 4796
13000 4742
13000 4749
13000 4816
13000 4756
13000 4776
13000 4803
13000 4779
14000 5122
14000 5176
14000 5189
14000 5149
14000 5145
14000 5139
14000 5131
14000 5153
14000 5182
14000 5143
14000 5139
14000 5215
14000 5167
14000 5185
14000 5089
14000 5138
14000 5187
14000 5079
14000 5131
14000 5123
14000 5164
14000 5165
14000 5197
14000 5125
14000 5135
14000 5119
14000 5146
14000 5138
14000 5151
14000 5108
14000 5123
14000 5087
14000 5204
14000 5107
14000 5184
14000 5096
14000 5151
14000 5192
14000 5146
14000 5167
14000 5150
14000 5150
14000 5176
14000 5109
14000 5072
14000 5109
14000 5172
14000 5153
14000 5159
14000 5123
15000 5541
15000 5565
15000 5552
15000 5552
15000 5538
15000 5466
15000 5503
15000 5522
15000 5585
15000 5488
15000 5504
15000 5529
15000 5544
15000 5553
15000 5463
15000 5546
15000 5507
15000 5436
15000 5527
15000 5527
15000 5527
15000 5562
15000 5537
15000 5488
15000 5521
15000 5494
15000 5511
15000 5500
15000 5463
15000 5519
15000 5486
15000 5539
15000 5523
15000 5569
15000 5558
15000 5494
15000 5551
15000 5534
15000 5499
15000 5497
15000 5509
15000 5517
15000 5490
15000 5499
15000 5467
15000 5517
15000 5556
15000 5543
15000 5517
15000 5517
16000 5873
16000 5893
16000 5944
16000 5886
16000 5921
16000 5807
16000 5917
16000 5889
16000 5931
16000 5879
16000 5867
16000 5929
16000 5930
16000 5929
16000 5815
16000 5919
16000 5889
16000 5779
16000 5878
16000 5878
16000 5940
16000 5892
16000 5895
16000 5839
16000 5854
16000 5866
16000 5892
16000 5849
16000 5830
16000 5872
16000 5880
16000 5876
16000 5872
16000 5945
16000 5915
16000 5876
16000 5875
16000 5914
16000 5863
16000 5896
16000 5910
16000 5892
16000 5890
16000 5846
16000 5842
16000 5928
16000 5887
16000 5943
16000 5856
16000 5893
17000 6321
17000 6205
17000 6253
17000 6248
17000 6315
17000 6283
17000 6297
17000 6243
17000 6288
17000 6238
17000 6253
17000 6242
17000 6253
17000 6265
17000 6213
17000 6264
17000 6216
17000 6251
17000 6224
17000 6236
17000 6259
17000 6360
17000 6276
17000 6178
17000 6248
17000 6214
17000 6271
17000 6242
17000 6260
17000 6272
17000 6254
17000 6276
17000 6212
17000 6275
17000 6231
17000 6301
17000 6178
17000 6291
17000 6293
17000 6217
17000 6275
17000 6226
17000 6291
17000 6220
17000 6211
17000 6241
17000 6285
17000 6284
17000 6346
17000 6198
18000 6647
18000 6549
18000 6597
18000 6628
18000 6613
18000 6583
18000 6681
18000 6585
18000 6580
18000 6618
18000 6631
18000 6670
18000 6510
18000 6629
18000 6535
18000 6553
18000 6636
18000 6598
18000 6546
18000 6600
18000 6664
18000 6684
18000 6598
18000 6618
18000 6642
18000 6633
18000 6610
18000 6706
18000 6607
18000 6696
18000 6578
18000 6653
18000 6656
18000 6564
18000 6703
18000 6542
18000 6616
18000 6648
18000 6562
18000 6589
18000 6532
18000 6557
18000 6610
18000 6606
18000 6644
18000 6639
18000 6526
18000 6598
18000 6638
18000 6575
19000 6974
19000 6981
19000 6981
19000 7007
19000 7033
19000 6991
19000 6997
19000 6932
19000 7042
19000 6987
19000 6967
19000 7046
19000 6949
19000 6989
19000 7039
19000 6969
19000 7045
19000 7001
19000 6982
19000 7009
19000 6972
19000 7058
19000 6959
19000 7003
19000 6998
19000 7024
19000 6991
19000 6970
19000 6947
19000 7011
19000 7012
19000 7076
19000 6965
19000 6945
19000 7036
19000 6989
19000 6934
19000 7050
19000 6953
19000 6987
19000 6935
19000 6903
19000 6979
19000 6966
19000 6989
19000 7002
19000 7014
19000 7005
19000 6992
19000 6944
20000 7347
20000 7277
20000 7375
20000 7342
20000 7438
20000 7362
20000 7423
20000 7369
20000 7398
20000 7317
20000 7351
20000 7363
20000 7370
20000 7363
20000 7316
20000 7382
20000 7371
20000 7380
20000 7338
20000 7368
20000 7371
20000 7377
20000 7246
20000 7338
20000 7414
20000 7318
20000 7370
20000 7357
20000 7325
20000 7378
20000 7340
20000 7331
20000 7362
20000 7320
20000 7328
20000 7308
20000 7328
20000 7447
20000 7370
20000 7333
20000 7304
20000 7349
20000 7289
20000 7345
20000 7378
20000 7440
20000 7329
20000 7352
20000 7330
20000 7364
21000 7743
21000 7689
21000 7713
21000 7685
21000 7692
21000 7759
21000 7789
21000 7664
21000 7738
21000 7637
21000 7726
21000 7818
21000 7744
21000 7811
21000 7641
21000 7738
21000 7777
21000 7766
21000 7712
21000 7797
21000 7697
21000 7731
21000 7765
21000 7722
21000 7744
21000 7740
21000 7723
21000 7748
21000 7803
21000 7772
21000 7670
21000 7739
21000 7702
21000 7684
21000 7777
21000 7730
21000 7674
21000 7747
21000 7676
21000 7674
21000 7720
21000 7710
21000 7722
21000 7712
21000 7667
21000 7765
21000 7696
21000 7753
21000 7699
21000 7785
22000 8111
22000 8052
22000 8071
22000 8070
22000 8117
22000 8146
22000 8147
22000 8041
22000 8058
22000 8163
22000 8129
22000 8091
22000 8144
22000 8096
22000 8054
22000 8073
22000 8121
22000 8174
22000 8105
22000 8103
22000 8159
22000 8163
22000 8018
22000 8024
22000 8077
22000 8051
22000 8110
22000 8056
22000 8094
22000 8145
22000 8117
22000 8139
22000 8100
22000 8061
22000 8109
22000 8065
22000 8059
22000 8140
22000 8073
22000 8029
22000 8052
22000 8064
22000 8050
22000 8040
22000 8116
22000 8092
22000 8003
22000 8145
22000 8083
22000 8120
23000 8496
23000 8439
23000 8488
23000 8500
23000 8502
23000 8540
23000 8459
23000 8390
23000 8456
23000 8461
23000 8473
23000 8496
23000 8383
23000 8526
23000 8450
23000 8471
23000 8535
23000 8481
23000 8429
23000 8447
23000 8477
23000 8428
23000 8342
23000 8399
23000 8434
23000 8428
23000 8457
23000 8502
23000 8431
23000 8597
23000 8503
23000 8482
23000 8373
23000 8489
23000 8463
23000 8411
23000 8418
23000 8486
23000 8395
23000 8480
23000 8463
23000 8454
23000 8474
23000 8447
23000 8488
23000 8421
23000 8440
23000 8495
23000 8409
23000 8506
24000 8855
24000 8797
24000 8873
24000 8895
24000 8838
24000 8854
24000 8915
24000 8792
24000 8751
24000 8832
24000 8830
24000 8920
24000 8812
24000 8845
24000 8824
24000 8771
24000 8838
24000 8832
24000 8783
24000 8855
24000 8865
24000 8869
24000 8817
24000 8803
24000 8821
24000 8863
24000 8792
24000 8837
24000 8763
24000 8923
24000 8770
24000 8910
24000 8849
24000 8793
24000 8865
24000 8830
24000 8827
24000 8784
24000 8820
24000 8787
24000 8743
24000 8781
24000 8817
24000 8824
24000 8793
24000 8854
24000 8819
24000 8870
24000 8873
24000 8822
25000 9225
25000 9135
25000 9244
25000 9181
25000 9237
25000 9189
25000 9278
25000 9120
25000 9176
25000 9213
25000 9192
25000 9222
25000 9161
25000 9175
25000 9064
25000 9223
25000 9236
25000 9189
25000 9147
25000 9269
25000 9165
25000 9184
25000 9224
25000 9115
25000 9200
25000 9242
25000 9279
25000 9156
25000 9202
25000 9204
25000 9199
25000 9277
25000 9251
25000 9148
25000 9247
25000 9184
25000 9215
25000 9272
25000 9228
25000 9114
25000 9088
25000 9065
25000 9206
25000 9244
25000 9160
25000 9265
25000 9120
25000 9188
25000 9175
25000 9191
26000 9554
26000 9497
26000 9559
26000 9519
26000 9609
26000 9642
26000 9628
26000 9498
26000 9568
26000 9525
26000 9520
26000 9613
26000 9564
26000 9550
26000 9451
26000 9554
26000 9605
26000 9651
26000 9596
26000 9617
26000 9588
26000 9603
26000 9552
26000 9474
26000 9566
26000 9576
26000 9532
26000 9561
26000 9565
26000 9634
26000 9442
26000 9609
26000 9586
26000 9492
26000 9492
26000 9577
26000 9463
26000 9616
26000 9482
26000 9559
26000 9506
26000 9463
26000 9607
26000 9505
26000 9551
26000 9564
26000 9506
26000 9512
26000 9565
26000 9623
27000 9939
27000 9868
27000 9894
27000 9924
27000 10020
27000 9908
27000 9985
27000 9838
27000 9909
27000 9954
27000 9944
27000 10025
27000 9937
27000 9942
27000 9898
27000 9954
27000 9951
27000 9925
27000 9932
27000 9947
27000 9987
27000 9980
27000 9846
27000 9861
27000 9967
27000 9865
27000 9850
27000 9932
27000 9893
27000 9996
27000 9971
27000 9993
27000 9938
27000 9930
27000 9928
27000 9878
27000 9834
27000 10034
27000 9902
27000 9827
27000 9836
27000 9841
27000 9923
27000 9936
27000 9892
27000 9984
27000 9877
27000 9871
27000 9911
27000 9929
28000 10307
28000 10176
28000 10307
28000 10365
28000 10384
28000 10360
28000 10413
28000 10251
28000 10267
28000 10264
28000 10329
28000 10353
28000 10255
28000 10297
28000 10150
28000 10202
28000 10287
28000 10296
28000 10301
28000 10319
28000 10318
28000 10364
28000 10239
28000 10303
28000 10329
28000 10262
28000 10353
28000 10280
28000 10324
28000 10389
28000 10240
28000 10358
28000 10317
28000 10264
28000 10248
28000 10274
28000 10227
28000 10416
28000 10231
28000 10189
28000 10208
28000 10185
28000 10328
28000 10265
28000 10277
28000 10303
28000 10244
28000 10296
28000 10274
28000 10235
29000 10724
29000 10625
29000 10693
29000 10705
29000 10677
29000 10676
29000 10769
29000 10561
29000 10636
29000 10661
29000 10642
29000 10738
29000 10574
29000 10697
29000 10611
29000 10627
29000 10749
29000 10734
29000 10632
29000 10722
29000 10704
29000 10721
29000 10644
29000 10615
29000 10651
29000 10732
29000 10689
29000 10656
29000 10644
29000 10771
29000 10691
29000 10771
29000 10681
29000 10669
29000 10705
29000 10681
29000 10629
29000 10733
29000 10722
29000 10548
29000 10571
29000 10598
29000 10674
29000 10659
29000 10576
29000 10635
29000 10639
29000 10688
29000 10620
29000 10656
30000 11099
30000 11021
30000 11020
30000 11038
30000 11063
30000 11028
30000 11153
30000 10942
30000 10970
30000 11086
30000 10996
30000 11117
30000 10999
30000 11025
30000 10989
30000 11015
30000 11063
30000 11118
30000 11027
30000 11077
30000 11055
30000 11068
30000 11002
30000 11036
30000 11047
30000 11082
30000 10999
30000 11083
30000 11010
30000 11129
30000 11033
30000 11142
30000 11033
30000 10998
30000 11101
30000 11036
30000 11056
30000 11079
30000 11013
30000 10963
30000 11007
30000 11043
30000 11032
30000 10972
30000 10960
30000 11122
30000 10962
30000 11006
30000 11061
30000 11013
31000 11412
31000 11305
31000 11424
31000 11367
31000 11384
31000 11417
31000 11540
31000 11318
31000 11351
31000 11326
31000 11413
31000 11443
31000 11341
31000 11418
31000 11359
31000 11404
31000 11394
31000 11431
31000 11408
31000 11401
31000 11398
31000 11385
31000 11393
31000 11371
31000 11340
31000 11360
31000 11367
31000 11394
31000 11425
31000 11462
31000 11431
31000 11496
31000 11415
31000 11387
31000 11419
31000 11443
31000 11289
31000 11442
31000 11409
31000 11396
31000 11298
31000 11340
31000 11419
31000 11399
31000 11372
31000 11423
31000 11356
31000 11416
31000 11383
31000 11393
32000 11846
32000 11692
32000 11799
32000 11782
32000 11831
32000 11767
32000 11956
32000 11733
32000 11737
32000 11756
32000 11772
32000 11807
32000 11737
32000 11801
32000 11761
32000 11848
32000 11808
32000 11763
32000 11762
32000 11799
32000 11867
32000 11764
32000 11783
32000 11808
32000 11770
32000 11723
32000 11757
32000 11838
32000 11765
32000 11844
32000 11735
32000 11889
32000 11779
32000 11677
32000 11743
32000 11762
32000 11677
32000 11779
32000 11778
32000 11725
32000 11700
32000 11733
32000 11733
32000 11726
32000 11696
32000 11755
32000 11724
32000 11801
32000 11759
32000 11781
33000 12113
33000 12142
33000 12209
33000 12196
33000 12200
33000 12148
33000 12066
33000 12188
33000 12110
33000 12205
33000 12222
33000 12056
33000 12080
33000 12094
33000 12142
33000 12109
33000 12109
33000 12176
33000 12204
33000 12090
33000 12084
33000 12054
33000 12174
33000 12066
33000 12076
33000 12214
33000 12193
33000 12146
33000 12288
33000 12187
33000 12063
33000 12098
33000 12219
33000 12118
33000 12109
33000 12099
33000 12145
33000 12087
33000 12213
33000 12144
33000 12183
33000 12229
33000 12174
33000 12090
33000 12163
33000 12114
33000 12153
33000 12213
33000 12178
33000 12074
34000 12498
34000 12447
34000 12545
34000 12575
34000 12502
34000 12568
34000 12518
34000 12486
34000 12534
34000 12449
34000 12579
34000 12436
34000 12503
34000 12375
34000 12554
34000 12479
34000 12545
34000 12429
34000 12492
34000 12435
34000 12488
34000 12422
34000 12542
34000 12502
34000 12458
34000 12560
34000 12504
34000 12576
34000 12462
34000 12555
34000 12437
34000 12485
34000 12491
34000 12544
34000 12410
34000 12528
34000 12415
34000 12537
34000 12491
34000 12430
34000 12603
34000 12584
34000 12504
34000 12434
34000 12588
34000 12461
34000 12371
34000 12554
34000 12536
34000 12505
35000 12840
35000 12945
35000 12824
35000 12893
35000 12790
35000 12903
35000 12886
35000 12847
35000 13028
35000 12833
35000 12976
35000 12906
35000 12924
35000 12792
35000 12909
35000 12943
35000 12881
35000 12922
35000 12871
35000 12806
35000 12875
35000 12828
35000 12935
35000 12886
35000 12981
35000 12922
35000 12881
35000 12786
35000 12877
35000 12867
35000 12887
35000 12826
35000 12858
35000 12855
35000 12817
35000 12914
35000 12918
35000 12820
35000 12802
35000 12878
35000 12966
35000 12961
35000 12801
35000 12915
35000 12873
35000 12883
35000 12797
35000 12959
35000 12999
35000 12929
36000 13235
36000 13251
36000 13227
36000 13203
36000 13247
36000 13236
36000 13164
36000 13216
36000 13303
36000 13189
36000 13224
36000 13307
36000 13195
36000 13245
36000 13283
36000 13212
36000 13167
36000 13212
36000 13350
36000 13227
36000 13235
36000 13261
36000 13227
36000 13276
36000 13242
36000 13295
36000 13347
36000 13158
36000 13293
36000 13271
36000 13282
36000 13221
36000 13292
36000 13239
36000 13198
36000 13219
36000 13254
36000 13247
36000 13242
36000 13252
36000 13305
36000 13275
36000 13266
36000 13326
36000 13196
36000 13169
36000 13319
36000 13225
36000 13218
36000 13173
37000 13517
37000 13706
37000 13575
37000 13676
37000 13534
37000 13603
37000 13530
37000 13597
37000 13666
37000 13620
37000 13663
37000 13591
37000 13590
37000 13565
37000 13721
37000 13688
37000 13573
37000 13627
37000 13602
37000 13586
37000 13604
37000 13560
37000 13670
37000 13560
37000 13631
37000 13607
37000 13708
37000 13529
37000 13625
37000 13595
37000 13599
37000 13624
37000 13620
37000 13720
37000 13606
37000 13613
37000 13659
37000 13644
37000 13508
37000 13621
37000 13680
37000 13714
37000 13715
37000 13662
37000 13649
37000 13551
37000 13559
37000 13701
37000 13669
37000 13623
38000 13943
38000 13942
38000 13978
38000 13926
38000 13914
38000 14022
38000 13961
38000 13982
38000 14009
38000 13916
38000 14056
38000 14025
38000 13977
38000 13833
38000 14031
38000 13924
38000 13889
38000 13964
38000 14075
38000 13920
38000 13950
38000 13889
38000 14054
38000 13961
38000 14066
38000 14034
38000 14077
38000 14019
38000 14021
38000 13914
38000 13899
38000 13969
38000 14025
38000 13959
38000 13993
38000 14006
38000 13963
38000 13980
38000 13923
38000 13953
38000 14054
38000 14027
38000 14037
38000 13948
38000 13927
38000 13941
38000 13981
38000 13985
38000 13965
38000 13943
39000 14315
39000 14273
39000 14386
39000 14329
39000 14314
39000 14421
39000 14344
39000 14378
39000 14405
39000 14368
39000 14364
39000 14382
39000 14360
39000 14259
39000 14405
39000 14364
39000 14280
39000 14418
39000 14261
39000 14240
39000 14274
39000 14244
39000 14446
39000 14331
39000 14296
39000 14283
39000 14312
39000 14388
39000 14348
39000 14358
39000 14338
39000 14246
39000 14320
39000 14304
39000 14237
39000 14310
39000 14381
39000 14386
39000 14237
39000 14326
39000 14412
39000 14377
39000 14353
39000 14255
39000 14335
39000 14292
39000 14417
39000 14362
39000 14338
39000 14284
40000 14643
40000 14767
40000 14724
40000 14878
40000 14809
40000 14720
40000 14674
40000 14694
40000 14739
40000 14718
40000 14738
40000 14688
40000 14727
40000 14574
40000 14811
40000 14725
40000 14621
40000 14753
40000 14791
40000 14739
40000 14738
40000 14661
40000 14738
40000 14707
40000 14742
40000 14899
40000 14826
40000 14707
40000 14731
40000 14732
40000 14696
40000 14692
40000 14718
40000 14694
40000 14748
40000 14787
40000 14756
40000 14640
40000 14704
40000 14622
40000 14833
40000 14769
40000 14702
40000 14744
40000 14633
40000 14657
40000 14618
40000 14801
40000 14757
40000 14700
41000 14951
41000 15157
41000 15063
41000 15008
41000 14986
41000 15192
41000 15173
41000 15138
41000 15188
41000 15101
41000 15145
41000 15060
41000 15082
41000 15104
41000 15142
41000 15127
41000 15043
41000 15116
41000 15196
41000 15022
41000 15009
41000 15009
41000 15116
41000 15043
41000 15054
41000 15115
41000 15148
41000 15059
41000 15087
41000 15113
41000 15080
41000 15046
41000 15096
41000 15108
41000 15054
41000 15104
41000 15103
41000 15053
41000 15034
41000 15053
41000 15268
41000 15179
41000 15104
41000 15185
41000 14968
41000 15159
41000 14970
41000 15064
41000 14963
41000 14998
42000 15398
42000 15437
42000 15516
42000 15551
42000 15404
42000 15428
42000 15446
42000 15449
42000 15556
42000 15512
42000 15453
42000 15522
42000 15474
42000 15390
42000 15440
42000 15430
42000 15400
42000 15444
42000 15470
42000 15486
42000 15373
42000 15354
42000 15512
42000 15430
42000 15536
42000 15564
42000 15559
42000 15493
42000 15516
42000 15475
42000 15433
42000 15369
42000 15414
42000 15510
42000 15399
42000 15513
42000 15498
42000 15424
42000 15451
42000 15372
42000 15684
42000 15444
42000 15422
42000 15410
42000 15504
42000 15456
42000 15401
42000 15539
42000 15455
42000 15421
43000 15802
43000 15887
43000 15751
43000 15830
43000 15832
43000 15903
43000 15750
43000 15868
43000 15868
43000 15776
43000 15899
43000 15892
43000 15727
43000 15694
43000 15982
43000 15784
43000 15765
43000 15826
43000 15890
43000 15728
43000 15733
43000 15721
43000 15818
43000 15714
43000 15862
43000 15993
43000 15995
43000 15739
43000 15818
43000 15722
43000 15729
43000 15835
43000 15787
43000 15865
43000 15833
43000 15882
43000 15681
43000 15845
43000 15734
43000 15771
43000 15868
43000 15846
43000 15853
43000 15913
43000 15859
43000 15784
43000 15756
43000 15881
43000 15868
43000 15828
44000 16174
44000 16231
44000 16142
44000 16239
44000 16170
44000 16215
44000 16128
44000 16172
44000 16346
44000 16299
44000 16287
44000 16120
44000 16158
44000 16106
44000 16195
44000 16212
44000 16138
44000 16239
44000 16295
44000 16139
44000 16248
44000 16141
44000 16105
44000 16145
44000 16269
44000 16302
44000 16291
44000 16224
44000 16233
44000 16208
44000 16289
44000 16120
44000 16211
44000 16100
44000 16140
44000 16163
44000 16213
44000 16078
44000 16179
44000 16148
44000 16267
44000 16309
44000 16274
44000 16193
44000 16145
44000 16093
44000 16146
44000 16207
44000 16194
44000 16117
45000 16524
45000 16559
45000 16654
45000 16703
45000 16540
45000 16686
45000 16563
45000 16592
45000 16647
45000 16560
45000 16648
45000 16475
45000 16582
45000 16475
45000 16576
45000 16607
45000 16437
45000 16488
45000 16677
45000 16529
45000 16501
45000 16506
45000 16612
45000 16442
45000 16433
45000 16661
45000 16640
45000 16482
45000 16547
45000 16543
45000 16560
45000 16592
45000 16546
45000 16545
45000 16480
45000 16507
45000 16416
45000 16657
45000 16490
45000 16627
45000 16681
45000 16666
45000 16582
45000 16475
45000 16536
45000 16475
45000 16614
45000 16593
45000 16558
45000 16478
46000 16870
46000 16936
46000 16959
46000 16950
46000 16876
46000 16884
46000 16869
46000 16950
46000 16932
46000 16999
46000 16919
46000 16940
46000 16878
46000 16767
46000 17057
46000 16938
46000 16836
46000 16943
46000 16998
46000 16804
46000 16853
46000 16819
46000 16942
46000 16932
46000 16923
46000 17006
46000 16943
46000 16845
46000 16914
46000 16971
46000 16942
46000 16881
46000 16869
46000 16935
46000 16901
46000 16956
46000 16971
46000 16855
46000 16849
46000 16873
46000 16959
46000 16970
46000 16960
46000 16952
46000 16942
46000 16863
46000 16848
46000 16999
46000 16973
46000 16901
47000 17268
47000 17298
47000 17300
47000 17292
47000 17219
47000 17326
47000 17402
47000 17271
47000 17347
47000 17316
47000 17344
47000 17286
47000 17266
47000 17124
47000 17261
47000 17256
47000 17294
47000 17288
47000 17258
47000 17182
47000 17248
47000 17107
47000 17278
47000 17253
47000 17269
47000 17416
47000 17312
47000 17180
47000 17247
47000 17237
47000 17287
47000 17181
47000 17325
47000 17358
47000 17269
47000 17416
47000 17306
47000 17341
47000 17316
47000 17291
47000 17418
47000 17483
47000 17250
47000 17404
47000 17317
47000 17254
47000 17261
47000 17340
47000 17331
47000 17251
48000 17578
48000 17714
48000 17647
48000 17683
48000 17607
48000 17769
48000 17697
48000 17665
48000 17697
48000 17691
48000 17678
48000 17636
48000 17737
48000 17540
48000 17671
48000 17669
48000 17616
48000 17686
48000 17555
48000 17522
48000 17581
48000 17608
48000 17687
48000 17550
48000 17688
48000 17801
48000 17658
48000 17593
48000 17643
48000 17718
48000 17635
48000 17653
48000 17645
48000 17706
48000 17580
48000 17721
48000 17652
48000 17592
48000 17552
48000 17666
48000 17807
48000 17663
48000 17675
48000 17650
48000 17702
48000 17555
48000 17622
48000 17583
48000 17700
48000 17674
49000 18064
49000 18065
49000 18061
49000 18079
49000 17958
49000 18063
49000 18028
49000 18042
49000 18024
49000 18029
49000 18109
49000 17971
49000 18015
49000 17977
49000 18055
49000 18026
49000 18003
49000 17992
49000 18119
49000 17996
49000 17956
49000 17995
49000 18150
49000 18018
49000 18021
49000 18143
49000 18102
49000 17963
49000 18062
49000 18008
49000 17931
49000 17983
49000 18051
49000 18029
49000 18004
49000 18068
49000 17964
49000 18030
49000 18005
49000 17977
49000 18196
49000 18133
49000 18038
49000 18001
49000 18076
49000 17999
49000 18025
49000 18013
49000 18088
49000 17951
50000 18381
50000 18441
50000 18391
50000 18432
50000 18367
50000 18443
50000 18351
50000 18451
50000 18487
50000 18384
50000 18500
50000 18395
50000 18404
50000 18300
50000 18516
50000 18413
50000 18291
50000 18403
50000 18345
50000 18403
50000 18393
50000 18369
50000 18428
50000 18444
50000 18433
50000 18524
50000 18473
50000 18417
50000 18423
50000 18336
50000 18377
50000 18411
50000 18348
50000 18406
50000 18402
50000 18420
50000 18410
50000 18348
50000 18322
50000 18375
50000 18459
50000 18465
50000 18307
50000 18407
50000 18267
50000 18365
50000 18317
50000 18473
50000 18322
50000 18446
51000 18711
51000 18762
51000 18802
51000 18801
51000 18814
51000 18814
51000 18790
51000 18711
51000 18849
51000 18736
51000 18839
51000 18707
51000 18641
51000 18694
51000 18759
51000 18767
51000 18707
51000 18827
51000 18776
51000 18693
51000 18558
51000 18747
51000 18787
51000 18744
51000 18787
51000 18883
51000 18859
51000 18739
51000 18695
51000 18702
51000 18695
51000 18779
51000 18727
51000 18709
51000 18581
51000 18884
51000 18777
51000 18671
51000 18612
51000 18810
51000 18820
51000 18878
51000 18752
51000 18734
51000 18686
51000 18761
51000 18741
51000 18844
51000 18784
51000 18726
52000 19160
52000 19123
52000 19086
52000 19204
52000 19096
52000 19125
52000 19098
52000 19030
52000 19148
52000 19158
52000 19170
52000 19118
52000 19170
52000 18928
52000 19167
52000 19069
52000 18969
52000 19124
52000 19188
52000 18965
52000 19117
52000 19094
52000 19164
52000 19114
52000 19116
52000 19279
52000 19127
52000 19052
52000 19228
52000 19125
52000 19129
52000 19094
52000 19168
52000 19202
52000 19058
52000 19179
52000 19077
52000 19055
52000 18998
52000 19124
52000 19209
52000 19231
52000 19147
52000 19131
52000 19169
52000 19039
52000 19027
52000 19186
52000 19191
52000 19186
53000 19544
53000 19580
53000 19490
53000 19443
53000 19395
53000 19582
53000 19484
53000 19539
53000 19524
53000 19443
53000 19619
53000 19414
53000 19476
53000 19374
53000 19578
53000 19491
53000 19496
53000 19538
53000 19501
53000 19408
53000 19434
53000 19431
53000 19582
53000 19469
53000 19431
53000 19556
53000 19549
53000 19393
53000 19571
53000 19505
53000 19453
53000 19443
53000 19485
53000 19512
53000 19381
53000 19467
53000 19502
53000 19529
53000 19375
53000 19469
53000 19641
53000 19568
53000 19526
53000 19485
53000 19478
53000 19461
53000 19418
53000 19577
53000 19505
53000 19472
54000 19777
54000 19972
54000 19862
54000 19860
54000 19835
54000 19904
54000 19818
54000 19783
54000 19930
54000 19925
54000 20015
54000 19841
54000 19762
54000 19661
54000 19940
54000 19918
54000 19784
54000 19837
54000 20005
54000 19766
54000 19873
54000 19779
54000 19901
54000 19890
54000 19832
54000 19869
54000 19937
54000 19743
54000 19903
54000 19858
54000 19845
54000 19824
54000 19906
54000 19946
54000 19797
54000 19955
54000 19873
54000 19825
54000 19851
54000 19812
54000 19959
54000 19975
54000 19819
54000 19912
54000 19909
54000 19810
54000 19914
54000 19842
54000 19902
54000 19832
55000 20270
55000 20259
55000 20232
55000 20300
55000 20108
55000 20319
55000 20169
55000 20217
55000 20276
55000 20259
55000 20324
55000 20234
55000 20184
55000 20019
55000 20346
55000 20259
55000 20296
55000 20263
55000 20293
55000 20136
55000 20252
55000 20304
55000 20210
55000 20179
55000 20268
55000 20353
55000 20423
55000 20329
55000 20286
55000 20173
55000 20302
55000 20135
55000 20195
55000 20373
55000 20102
55000 20217
55000 20253
55000 20198
55000 20174
55000 20190
55000 20328
55000 20236
55000 20228
55000 20142
55000 20192
55000 20301
55000 20153
55000 20259
55000 20270
55000 20176
56000 20536
56000 20714
56000 20771
56000 20608
56000 20473
56000 20678
56000 20503
56000 20490
56000 20683
56000 20550
56000 20688
56000 20675
56000 20599
56000 20466
56000 20587
56000 20544
56000 20581
56000 20497
56000 20726
56000 20466
56000 20548
56000 20504
56000 20590
56000 20534
56000 20681
56000 20824
56000 20695
56000 20598
56000 20657
56000 20461
56000 20566
56000 20477
56000 20563
56000 20676
56000 20542
56000 20670
56000 20604
56000 20589
56000 20488
56000 20564
56000 20674
56000 20676
56000 20572
56000 20576
56000 20637
56000 20442
56000 20541
56000 20586
56000 20601
56000 20523
57000 20978
57000 21076
57000 21024
57000 20992
57000 20894
57000 21043
57000 20981
57000 20978
57000 21028
57000 21020
57000 20988
57000 20983
57000 20972
57000 20800
57000 20977
57000 20993
57000 20857
57000 20959
57000 21039
57000 20825
57000 20851
57000 20923
57000 21006
57000 20929
57000 21011
57000 21151
57000 21063
57000 20901
57000 21020
57000 20937
57000 20924
57000 20913
57000 20987
57000 21039
57000 20906
57000 20926
57000 20991
57000 20958
57000 20914
57000 21039
57000 21151
57000 21020
57000 20882
57000 20966
57000 21000
57000 20952
57000 20826
57000 21084
57000 21008
57000 20967
58000 21173
58000 21384
58000 21258
58000 21255
58000 21279
58000 21383
58000 21301
58000 21365
58000 21350
58000 21354
58000 21445
58000 21351
58000 21363
58000 21191
58000 21467
58000 21306
58000 21236
58000 21345
58000 21417
58000 21284
58000 21286
58000 21235
58000 21372
58000 21301
58000 21346
58000 21413
58000 21390
58000 21306
58000 21295
58000 21352
58000 21371
58000 21302
58000 21373
58000 21372
58000 21269
58000 21373
58000 21320
58000 21265
58000 21275
58000 21332
58000 21430
58000 21477
58000 21426
58000 21403
58000 21304
58000 21279
58000 21226
58000 21390
58000 21328
58000 21355
59000 21648
59000 21747
59000 21703
59000 21697
59000 21634
59000 21757
59000 21613
59000 21653
59000 21775
59000 21682
59000 21796
59000 21695
59000 21621
59000 21616
59000 21897
59000 21690
59000 21590
59000 21736
59000 21720
59000 21616
59000 21643
59000 21634
59000 21616
59000 21576
59000 21744
59000 21874
59000 21672
59000 21577
59000 21813
59000 21701
59000 21680
59000 21652
59000 21792
59000 21773
59000 21671
59000 21768
59000 21675
59000 21592
59000 21699
59000 21565
59000 21867
59000 21878
59000 21610
59000 21703
59000 21765
59000 21564
59000 21643
59000 21802
59000 21656
59000 21796
60000 21989
60000 22152
60000 22151
60000 22088
60000 22017
60000 22119
60000 22041
60000 22192
60000 22222
60000 22051
60000 22245
60000 22066
60000 21979
60000 21897
60000 22140
60000 22036
60000 21969
60000 22106
60000 22176
60000 22025
60000 22011
60000 21963
60000 22189
60000 22054
60000 22130
60000 22292
60000 22140
60000 22097
60000 22149
60000 22091
60000 22132
60000 22000
60000 22102
60000 22011
60000 21977
60000 22129
60000 22121
60000 22045
60000 22016
60000 22065
60000 22211
60000 22086
60000 22102
60000 22099
60000 22039
60000 22046
60000 22022
60000 22141
60000 22061
60000 22052
61000 22415
61000 22494
61000 22468
61000 22447
61000 22393
61000 22482
61000 22456
61000 22456
61000 22486
61000 22490
61000 22516
61000 22382
61000 22448
61000 22218
61000 22465
61000 22381
61000 22382
61000 22363
61000 22506
61000 22304
61000 22374
61000 22338
61000 22444
61000 22393
61000 22557
61000 22547
61000 22514
61000 22357
61000 22469
61000 22392
61000 22473
61000 22295
61000 22486
61000 22542
61000 22392
61000 22433
61000 22388
61000 22381
61000 22377
61000 22443
61000 22515
61000 22548
61000 22410
61000 22441
61000 22497
61000 22406
61000 22477
61000 22536
61000 22429
61000 22389
62000 22646
62000 22823
62000 22803
62000 22896
62000 22771
62000 22948
62000 22789
62000 22715
62000 22782
62000 22841
62000 22846
62000 22769
62000 22665
62000 22678
62000 22921
62000 22785
62000 22772
62000 22741
62000 22886
62000 22698
62000 22773
62000 22712
62000 22866
62000 22869
62000 22679
62000 22948
62000 22962
62000 22781
62000 22875
62000 22802
62000 22817
62000 22762
62000 22823
62000 22847
62000 22700
62000 22856
62000 22868
62000 22787
62000 22741
62000 22852
62000 22957
62000 22877
62000 22789
62000 22848
62000 22796
62000 22746
62000 22742
62000 22923
62000 22867
62000 22852
63000 23178
63000 23270
63000 23168
63000 23176
63000 23070
63000 23286
63000 23293
63000 23138
63000 23334
63000 23183
63000 23245
63000 23206
63000 23171
63000 22998
63000 23126
63000 23221
63000 23205
63000 23181
63000 23294
63000 23062
63000 23089
63000 23125
63000 23297
63000 23177
63000 23136
63000 23336
63000 23337
63000 23168
63000 23249
63000 23161
63000 23144
63000 23098
63000 23081
63000 23211
63000 23140
63000 23232
63000 23128
63000 23186
63000 23169
63000 23077
63000 23397
63000 23263
63000 23187
63000 23127
63000 23208
63000 23087
63000 23124
63000 23339
63000 23167
63000 23166
64000 23470
64000 23539
64000 23468
64000 23517
64000 23512
64000 23674
64000 23458
64000 23577
64000 23671
64000 23537
64000 23612
64000 23460
64000 23390
64000 23376
64000 23587
64000 23563
64000 23446
64000 23577
64000 23641
64000 23440
64000 23482
64000 23420
64000 23653
64000 23516
64000 23512
64000 23617
64000 23679
64000 23501
64000 23502
64000 23571
64000 23527
64000 23399
64000 23605
64000 23618
64000 23481
64000 23628
64000 23514
64000 23496
64000 23540
64000 23490
64000 23683
64000 23595
64000 23541
64000 23529
64000 23539
64000 23579
64000 23475
64000 23611
64000 23511
64000 23509
65000 23911
65000 23915
65000 23889
65000 23979
65000 23763
65000 23998
65000 23843
65000 23936
65000 23908
65000 23940
65000 23997
65000 23820
65000 23784
65000 23760
65000 23893
65000 23833
65000 23821
65000 23845
65000 23958
65000 23781
65000 23804
65000 23792
65000 24057
65000 23917
65000 23985
65000 23991
65000 23994
65000 23878
65000 23836
65000 23938
65000 23924
65000 23938
65000 23880
65000 24016
65000 23896
65000 23835
65000 23864
65000 23909
65000 23864
65000 23882
65000 24095
65000 24008
65000 23904
65000 23964
65000 23893
65000 23823
65000 23826
65000 23981
65000 23906
65000 23982
66000 24346
66000 24382
66000 24255
66000 24178
66000 24155
66000 24413
66000 24269
66000 24225
66000 24217
66000 24321
66000 24273
66000 24233
66000 24351
66000 24287
66000 24322
66000 24149
66000 24314
66000 24239
66000 24182
66000 24199
66000 24319
66000 24318
66000 24244
66000 24216
66000 24300
66000 24452
66000 24353
66000 24338
66000 24311
66000 24208
66000 24231
66000 24247
66000 24336
66000 24230
66000 24377
66000 24384
66000 24284
66000 24158
66000 24387
66000 24301
66000 24133
66000 24470
66000 24261
66000 24212
66000 24373
66000 24319
66000 24460
66000 24343
66000 24222
66000 24220
67000 24754
67000 24655
67000 24572
67000 24658
67000 24655
67000 24735
67000 24647
67000 24659
67000 24636
67000 24603
67000 24608
67000 24814
67000 24661
67000 24637
67000 24755
67000 24529
67000 24630
67000 24632
67000 24676
67000 24506
67000 24728
67000 24582
67000 24658
67000 24568
67000 24733
67000 24819
67000 24695
67000 24589
67000 24635
67000 24496
67000 24640
67000 24595
67000 24641
67000 24582
67000 24693
67000 24672
67000 24557
67000 24635
67000 24788
67000 24655
67000 24647
67000 24550
67000 24644
67000 24678
67000 24512
67000 24472
67000 24855
67000 24599
67000 24681
67000 24486
68000 25002
68000 24965
68000 24957
68000 24990
68000 25023
68000 24968
68000 24958
68000 25011
68000 25027
68000 25063
68000 25010
68000 24970
68000 25014
68000 24997
68000 25112
68000 24984
68000 25082
68000 25006
68000 25082
68000 25077
68000 25047
68000 25015
68000 25047
68000 24877
68000 25122
68000 25122
68000 25028
68000 24911
68000 24925
68000 24930
68000 24996
68000 24992
68000 24862
68000 24888
68000 25151
68000 25142
68000 24869
68000 24950
68000 25158
68000 24935
68000 24970
68000 24887
68000 25018
68000 24872
68000 25050
68000 24926
68000 25140
68000 25106
68000 24912
68000 25031
69000 25399
69000 25339
69000 25330
69000 25445
69000 25399
69000 25459
69000 25460
69000 25452
69000 25419
69000 25391
69000 25266
69000 25455
69000 25445
69000 25235
69000 25456
69000 25295
69000 25331
69000 25324
69000 25290
69000 25398
69000 25365
69000 25468
69000 25315
69000 25271
69000 25383
69000 25331
69000 25479
69000 25370
69000 25217
69000 25290
69000 25424
69000 25339
69000 25484
69000 25366
69000 25534
69000 25397
69000 25436
69000 25360
69000 25406
69000 25342
69000 25383
69000 25304
69000 25324
69000 25441
69000 25323
69000 25213
69000 25423
69000 25403
69000 25352
69000 25356
70000 25689
70000 25734
70000 25800
70000 25761
70000 25720
70000 25830
70000 25789
70000 25704
70000 25786
70000 25781
70000 25648
70000 25713
70000 25880
70000 25746
70000 25814
70000 25659
70000 25882
70000 25748
70000 25800
70000 25785
70000 25827
70000 25752
70000 25830
70000 25773
70000 25906
70000 25754
70000 25738
70000 25745
70000 25713
70000 25606
70000 25786
70000 25722
70000 25714
70000 25699
70000 25884
70000 25913
70000 25697
70000 25853
70000 25710
70000 25885
70000 25695
70000 25702
70000 25777
70000 25760
70000 25938
70000 25712
70000 25860
70000 25859
70000 25797
70000 25812
71000 26144
71000 26026
71000 26183
71000 26135
71000 26081
71000 26152
71000 26042
71000 26112
71000 25929
71000 26120
71000 26100
71000 26075
71000 25983
71000 26124
71000 26088
71000 25980
71000 26203
71000 26084
71000 26264
71000 26005
71000 26139
71000 26093
71000 26127
71000 26043
71000 26169
71000 26083
71000 26182
71000 26072
71000 26093
71000 26117
71000 26117
71000 26176
71000 26129
71000 26097
71000 26303
71000 26098
71000 26110
71000 26194
71000 26149
71000 26002
71000 26001
71000 26008
71000 26049
71000 26169
71000 26139
71000 26058
71000 26257
71000 26073
71000 26101
71000 26042
72000 26518
72000 26559
72000 26521
72000 26555
72000 26614
72000 26540
72000 26486
72000 26489
72000 26473
72000 26535
72000 26618
72000 26430
72000 26593
72000 26430
72000 26443
72000 26387
72000 26570
72000 26529
72000 26401
72000 26489
72000 26614
72000 26479
72000 26433
72000 26383
72000 26558
72000 26545
72000 26570
72000 26486
72000 26468
72000 26441
72000 26334
72000 26436
72000 26408
72000 26524
72000 26627
72000 26756
72000 26503
72000 26523
72000 26497
72000 26257
72000 26503
72000 26466
72000 26487
72000 26647
72000 26532
72000 26460
72000 26627
72000 26576
72000 26509
72000 26443
73000 26963
73000 26733
73000 26779
73000 26825
73000 26936
73000 26985
73000 26758
73000 26807
73000 26882
73000 26869
73000 26911
73000 26893
73000 26859
73000 26813
73000 26817
73000 26769
73000 26985
73000 26844
73000 26831
73000 26919
73000 26894
73000 26854
73000 26847
73000 26798
73000 26912
73000 26852
73000 26950
73000 26990
73000 26772
73000 26833
73000 26996
73000 26874
73000 26663
73000 26831
73000 26963
73000 26970
73000 26858
73000 26908
73000 27002
73000 26838
73000 26797
73000 26729
73000 26713
73000 26889
73000 26824
73000 26901
73000 26917
73000 26986
73000 26805
73000 26741
74000 27342
74000 27132
74000 27168
74000 27282
74000 27072
74000 27158
74000 27265
74000 27222
74000 27269
74000 27253
74000 27102
74000 27260
74000 27244
74000 27228
74000 27230
74000 27073
74000 27371
74000 27265
74000 27217
74000 27247
74000 27430
74000 27239
74000 27264
74000 27263
74000 27335
74000 27214
74000 27438
74000 27220
74000 27149
74000 27190
74000 27137
74000 27196
74000 27283
74000 27095
74000 27354
74000 27288
74000 27160
74000 27184
74000 27371
74000 27232
74000 27288
74000 27509
74000 27150
74000 27153
74000 27161
74000 27123
74000 27240
74000 27225
74000 27202
74000 27085
75000 27701
75000 27567
75000 27609
75000 27613
75000 27649
75000 27782
75000 27583
75000 27609
75000 27584
75000 27572
75000 27642
75000 27592
75000 27766
75000 27555
75000 27688
75000 27552
75000 27618
75000 27492
75000 27541
75000 27620
75000 27595
75000 27744
75000 27548
75000 27500
75000 27598
75000 27589
75000 27563
75000 27485
75000 27756
75000 27568
75000 27624
75000 27710
75000 27549
75000 27608
75000 27616
75000 27548
75000 27395
75000 27659
75000 27622
75000 27516
75000 27566
75000 27635
75000 27601
75000 27633
75000 27608
75000 27543
75000 27638
75000 27695
75000 27548
75000 27414
76000 28037
76000 27954
76000 27972
76000 28046
76000 28010
76000 28052
76000 27901
76000 28041
76000 28073
76000 28001
76000 27902
76000 27893
76000 28004
76000 27909
76000 28119
76000 27981
76000 28075
76000 28011
76000 28051
76000 28056
76000 27975
76000 27879
76000 27908
76000 27882
76000 27937
76000 28033
76000 28150
76000 27956
76000 27896
76000 27860
76000 28057
76000 28091
76000 27926
76000 28017
76000 28007
76000 28005
76000 28024
76000 28016
76000 28092
76000 27878
76000 27895
76000 27897
76000 28009
76000 27974
76000 27980
76000 27851
76000 28003
76000 27968
76000 27988
76000 27863
77000 28547
77000 28324
77000 28302
77000 28242
77000 28420
77000 28306
77000 28236
77000 28232
77000 28391
77000 28351
77000 28258
77000 28314
77000 28316
77000 28411
77000 28369
77000 28306
77000 28388
77000 28330
77000 28238
77000 28230
77000 28281
77000 28285
77000 28284
77000 28300
77000 28353
77000 28337
77000 28389
77000 28362
77000 28289
77000 28281
77000 28212
77000 28366
77000 28273
77000 28255
77000 28356
77000 28306
77000 28234
77000 28365
77000 28336
77000 28308
77000 28322
77000 28238
77000 28351
77000 28468
77000 28284
77000 28305
77000 28535
77000 28329
77000 28251
77000 28235
78000 28701
78000 28586
78000 28610
78000 28749
78000 28755
78000 28867
78000 28622
78000 28745
78000 28626
78000 28614
78000 28580
78000 28768
78000 28823
78000 28701
78000 28902
78000 28567
78000 28676
78000 28728
78000 28715
78000 28695
78000 28705
78000 28628
78000 28634
78000 28675
78000 28749
78000 28865
78000 28719
78000 28674
78000 28571
78000 28720
78000 28867
78000 28713
78000 28647
78000 28574
78000 28721
78000 28776
78000 28694
78000 28559
78000 28701
78000 28683
78000 28651
78000 28576
78000 28807
78000 28701
78000 28609
78000 28831
78000 28838
78000 28795
78000 28655
78000 28674
79000 29282
79000 29015
79000 29058
79000 29160
79000 29090
79000 29083
79000 28962
79000 29060
79000 29060
79000 29085
79000 28916
79000 28983
79000 29101
79000 29159
79000 29098
79000 28998
79000 29178
79000 29056
79000 29055
79000 29101
79000 29056
79000 29002
79000 29079
79000 29046
79000 29049
79000 29184
79000 29130
79000 29068
79000 29022
79000 28878
79000 28978
79000 28969
79000 28974
79000 29176
79000 29165
79000 29188
79000 28943
79000 29062
79000 29065
79000 29057
79000 28995
79000 29009
79000 28901
79000 29111
79000 29029
79000 28963
79000 29105
79000 28965
79000 29076
79000 29017
80000 29545
80000 29536
80000 29384
80000 29498
80000 29486
80000 29431
80000 29322
80000 29462
80000 29526
80000 29390
80000 29424
80000 29386
80000 29446
80000 29499
80000 29526
80000 29288
80000 29588
80000 29448
80000 29448
80000 29419
80000 29403
80000 29322
80000 29521
80000 29311
80000 29504
80000 29427
80000 29470
80000 29342
80000 29537
80000 29450
80000 29334
80000 29473
80000 29405
80000 29553
80000 29560
80000 29541
80000 29441
80000 29503
80000 29463
80000 29230
80000 29597
80000 29444
80000 29434
80000 29335
80000 29444
80000 29529
80000 29513
80000 29377
80000 29375
80000 29461
81000 29921
81000 29801
81000 29841
81000 29643
81000 29861
81000 29772
81000 29776
81000 29786
81000 29777
81000 29975
81000 29775
81000 29815
81000 29932
81000 29845
81000 29718
81000 29733
81000 29897
81000 29782
81000 29709
81000 29762
81000 29868
81000 29967
81000 29834
81000 29759
81000 29906
81000 29779
81000 29883
81000 29716
81000 29723
81000 29663
81000 29744
81000 29788
81000 29685
81000 29797
81000 29894
81000 29852
81000 29788
81000 29771
81000 29888
81000 29801
81000 29620
81000 29750
81000 29704
81000 29848
81000 29869
81000 29842
81000 29921
81000 29890
81000 29753
81000 29768
82000 30287
82000 30107
82000 30203
82000 30135
82000 30184
82000 30295
82000 30190
82000 30260
82000 30180
82000 30249
82000 30267
82000 30121
82000 30217
82000 30154
82000 30181
82000 29987
82000 30143
82000 30111
82000 30162
82000 30111
82000 30154
82000 30175
82000 30018
82000 30153
82000 30195
82000 30221
82000 30101
82000 30224
82000 30160
82000 30203
82000 30000
82000 30251
82000 30065
82000 30062
82000 30252
82000 30228
82000 30060
82000 30291
82000 30160
82000 30055
82000 30082
82000 29996
82000 30191
82000 30127
82000 30070
82000 30207
82000 30219
82000 30222
82000 30125
82000 30065
83000 30583
83000 30619
83000 30440
83000 30497
83000 30551
83000 30679
83000 30554
83000 30476
83000 30465
83000 30499
83000 30477
83000 30573
83000 30605
83000 30576
83000 30574
83000 30426
83000 30576
83000 30582
83000 30725
83000 30441
83000 30695
83000 30515
83000 30407
83000 30618
83000 30603
83000 30479
83000 30720
83000 30505
83000 30578
83000 30416
83000 30500
83000 30549
83000 30304
83000 30497
83000 30612
83000 30527
83000 30572
83000 30484
83000 30555
83000 30538
83000 30571
83000 30445
83000 30685
83000 30380
83000 30394
83000 30495
83000 30688
83000 30509
83000 30457
83000 30287
84000 31036
84000 30972
84000 30912
84000 30942
84000 31058
84000 31065
84000 30869
84000 30858
84000 30963
84000 31011
84000 30869
84000 30953
84000 31034
84000 31003
84000 31011
84000 30704
84000 31081
84000 30859
84000 30682
84000 30740
84000 31066
84000 30930
84000 30832
84000 30900
84000 31132
84000 31009
84000 31003
84000 30995
84000 30925
84000 30787
84000 30686
84000 31029
84000 30849
84000 30912
84000 30995
84000 31085
84000 30952
84000 30992
84000 31078
84000 30778
84000 30900
84000 30887
84000 30787
84000 30916
84000 30909
84000 30946
84000 31080
84000 30830
84000 30934
84000 30797
85000 31280
85000 31300
85000 31322
85000 31229
85000 31305
85000 31350
85000 31200
85000 31236
85000 31280
85000 31162
85000 31149
85000 31270
85000 31336
85000 31322
85000 31222
85000 31157
85000 31481
85000 31114
85000 31155
85000 31125
85000 31342
85000 31201
85000 31257
85000 31155
85000 31326
85000 31229
85000 31326
85000 31360
85000 31200
85000 31282
85000 31198
85000 31394
85000 31171
85000 31227
85000 31357
85000 31285
85000 31242
85000 31337
85000 31552
85000 31155
85000 31137
85000 31150
85000 31223
85000 31349
85000 31297
85000 31255
85000 31445
85000 31416
85000 31318
85000 31233
86000 31803
86000 31666
86000 31502
86000 31663
86000 31711
86000 31880
86000 31603
86000 31479
86000 31624
86000 31591
86000 31512
86000 31778
86000 31694
86000 31562
86000 31745
86000 31550
86000 31679
86000 31642
86000 31724
86000 31620
86000 31725
86000 31790
86000 31595
86000 31597
86000 31745
86000 31556
86000 31705
86000 31729
86000 31585
86000 31490
86000 31743
86000 31549
86000 31535
86000 31660
86000 31606
86000 31814
86000 31493
86000 31577
86000 31757
86000 31612
86000 31665
86000 31581
86000 31584
86000 31678
86000 31427
86000 31626
86000 31809
86000 31657
86000 31458
86000 31522
87000 32073
87000 32035
87000 32032
87000 32069
87000 31999
87000 32115
87000 31953
87000 32069
87000 31931
87000 31976
87000 32035
87000 32031
87000 32188
87000 32110
87000 32033
87000 31895
87000 32135
87000 31944
87000 32073
87000 31993
87000 32044
87000 32149
87000 31977
87000 31878
87000 32161
87000 32042
87000 31997
87000 32057
87000 31971
87000 31953
87000 32014
87000 32198
87000 31929
87000 32000
87000 32049
87000 32088
87000 31768
87000 32084
87000 32124
87000 32004
87000 31974
87000 31834
87000 32034
87000 31955
87000 32034
87000 31863
87000 32164
87000 31982
87000 31906
87000 31938
88000 32435
88000 32344
88000 32266
88000 32197
88000 32311
88000 32461
88000 32215
88000 32372
88000 32402
88000 32343
88000 32479
88000 32281
88000 32366
88000 32412
88000 32536
88000 32241
88000 32412
88000 32306
88000 32342
88000 32233
88000 32443
88000 32454
88000 32390
88000 32354
88000 32363
88000 32549
88000 32450
88000 32439
88000 32346
88000 32263
88000 32430
88000 32551
88000 32203
88000 32378
88000 32451
88000 32567
88000 32314
88000 32461
88000 32557
88000 32308
88000 32403
88000 32247
88000 32320
88000 32396
88000 32311
88000 32219
88000 32606
88000 32405
88000 32434
88000 32357
89000 32735
89000 32705
89000 32792
89000 32794
89000 32712
89000 32674
89000 32647
89000 32734
89000 32709
89000 32721
89000 32722
89000 32595
89000 32792
89000 32689
89000 32806
89000 32609
89000 32760
89000 32659
89000 32865
89000 32704
89000 32827
89000 32851
89000 32774
89000 32809
89000 32773
89000 32719
89000 32851
89000 32711
89000 32753
89000 32717
89000 32724
89000 32776
89000 32668
89000 32752
89000 32912
89000 32841
89000 32612
89000 32781
89000 32863
89000 32724
89000 32712
89000 32777
89000 32625
89000 32725
89000 32820
89000 32654
89000 32894
89000 32649
89000 32694
89000 32783
90000 33307
90000 33049
90000 33095
90000 33101
90000 33161
90000 33227
90000 33129
90000 33053
90000 33108
90000 33076
90000 33114
90000 33091
90000 33169
90000 33220
90000 33140
90000 33100
90000 33135
90000 33067
90000 33242
90000 33091
90000 33025
90000 33153
90000 33046
90000 33068
90000 33002
90000 33202
90000 33224
90000 33134
90000 33155
90000 33125
90000 33047
90000 33103
90000 32865
90000 33143
90000 33145
90000 33147
90000 32859
90000 33011
90000 33064
90000 33063
90000 33035
90000 32959
90000 33161
90000 33228
90000 33137
90000 33113
90000 33197
90000 33163
90000 33159
90000 32991
91000 33566
91000 33454
91000 33513
91000 33477
91000 33429
91000 33579
91000 33555
91000 33478
91000 33551
91000 33353
91000 33396
91000 33635
91000 33526
91000 33468
91000 33452
91000 33198
91000 33687
91000 33463
91000 33547
91000 33278
91000 33550
91000 33674
91000 33492
91000 33436
91000 33307
91000 33622
91000 33536
91000 33433
91000 33377
91000 33485
91000 33646
91000 33514
91000 33379
91000 33529
91000 33672
91000 33590
91000 33358
91000 33406
91000 33574
91000 33615
91000 33468
91000 33458
91000 33357
91000 33424
91000 33393
91000 33297
91000 33646
91000 33435
91000 33594
91000 33376
92000 33946
92000 33930
92000 33750
92000 34043
92000 33868
92000 33937
92000 33770
92000 33810
92000 33833
92000 33989
92000 33802
92000 33815
92000 33955
92000 33847
92000 33880
92000 33557
92000 33939
92000 33815
92000 33721
92000 33821
92000 33938
92000 33921
92000 33889
92000 33803
92000 33884
92000 33941
92000 33892
92000 33790
92000 33667
92000 33719
92000 33847
92000 33772
92000 33798
92000 33872
92000 33895
92000 33953
92000 33750
92000 33946
92000 34013
92000 33595
92000 33839
92000 33795
92000 33829
92000 33772
92000 33912
92000 33796
92000 33892
92000 33901
92000 33931
92000 33915
93000 34279
93000 34131
93000 34262
93000 34194
93000 34258
93000 34353
93000 34003
93000 34212
93000 34166
93000 34047
93000 33995
93000 34325
93000 34318
93000 34139
93000 34326
93000 34101
93000 34326
93000 34269
93000 34339
93000 34162
93000 34293
93000 34256
93000 34179
93000 34204
93000 34259
93000 34280
93000 34179
93000 34162
93000 34075
93000 34066
93000 34133
93000 34281
93000 34080
93000 34226
93000 34343
93000 34301
93000 34114
93000 34223
93000 34321
93000 34271
93000 34073
93000 34243
93000 34119
93000 34116
93000 34228
93000 34104
93000 34348
93000 34229
93000 34220
93000 34083
94000 34721
94000 34576
94000 34494
94000 34715
94000 34518
94000 34701
94000 34549
94000 34624
94000 34607
94000 34603
94000 34477
94000 34515
94000 34603
94000 34587
94000 34603
94000 34483
94000 34760
94000 34552
94000 34612
94000 34513
94000 34666
94000 34685
94000 34654
94000 34480
94000 34505
94000 34724
94000 34687
94000 34501
94000 34647
94000 34539
94000 34533
94000 34558
94000 34535
94000 34484
94000 34746
94000 34709
94000 34567
94000 34562
94000 34750
94000 34567
94000 34519
94000 34508
94000 34534
94000 34704
94000 34416
94000 34592
94000 34796
94000 34533
94000 34633
94000 34471
95000 35130
95000 34910
95000 35043
95000 35053
95000 34960
95000 35107
95000 34890
95000 34975
95000 34831
95000 34879
95000 34929
95000 34930
95000 35099
95000 35012
95000 34841
95000 34885
95000 35130
95000 34919
95000 34966
95000 34878
95000 34873
95000 35073
95000 34931
95000 34879
95000 34972
95000 34973
95000 34960
95000 35033
95000 34976
95000 34876
95000 34874
95000 34972
95000 34860
95000 35024
95000 35022
95000 35057
95000 34778
95000 34972
95000 35029
95000 34912
95000 34966
95000 34803
95000 35044
95000 34957
95000 34883
95000 34959
95000 35231
95000 34897
95000 34994
95000 34911
96000 35343
96000 35202
96000 35321
96000 35335
96000 35297
96000 35453
96000 35177
96000 35440
96000 35271
96000 35242
96000 35244
96000 35234
96000 35409
96000 35292
96000 35289
96000 35242
96000 35423
96000 35339
96000 35274
96000 35266
96000 35350
96000 35247
96000 35240
96000 35267
96000 35333
96000 35404
96000 35434
96000 35304
96000 35255
96000 35125
96000 35226
96000 35380
96000 35152
96000 35346
96000 35569
96000 35457
96000 35242
96000 35203
96000 35354
96000 35273
96000 35157
96000 35290
96000 35220
96000 35438
96000 35389
96000 35212
96000 35437
96000 35453
96000 35370
96000 35203
97000 35828
97000 35722
97000 35658
97000 35841
97000 35738
97000 35864
97000 35517
97000 35692
97000 35702
97000 35645
97000 35711
97000 35706
97000 35723
97000 35643
97000 35724
97000 35526
97000 35814
97000 35607
97000 35676
97000 35647
97000 35690
97000 35817
97000 35564
97000 35637
97000 35870
97000 35756
97000 35663
97000 35758
97000 35529
97000 35545
97000 35696
97000 35777
97000 35764
97000 35789
97000 35843
97000 35812
97000 35611
97000 35704
97000 36048
97000 35657
97000 35794
97000 35503
97000 35614
97000 35629
97000 35704
97000 35656
97000 35766
97000 35681
97000 35657
97000 35580
98000 36145
98000 36114
98000 36100
98000 36083
98000 35991
98000 36125
98000 36007
98000 35862
98000 35989
98000 36061
98000 35958
98000 36117
98000 36065
98000 36021
98000 36161
98000 35936
98000 36168
98000 35997
98000 35960
98000 35931
98000 36173
98000 36023
98000 36019
98000 36026
98000 36010
98000 36184
98000 36141
98000 36037
98000 36024
98000 36051
98000 35957
98000 36135
98000 36046
98000 36091
98000 36150
98000 36209
98000 35985
98000 36018
98000 36270
98000 35901
98000 35974
98000 35926
98000 36017
98000 35958
98000 36042
98000 35900
98000 36249
98000 36065
98000 35910
98000 35810
99000 36576
99000 36309
99000 36343
99000 36513
99000 36514
99000 36518
99000 36342
99000 36443
99000 36382
99000 36302
99000 36427
99000 36290
99000 36471
99000 36351
99000 36496
99000 36382
99000 36550
99000 36421
99000 36464
99000 36337
99000 36492
99000 36573
99000 36318
99000 36442
99000 36519
99000 36385
99000 36360
99000 36382
99000 36521
99000 36338
99000 36452
99000 36443
99000 36456
99000 36282
99000 36450
99000 36534
99000 36250
99000 36353
99000 36505
99000 36298
99000 36252
99000 36394
99000 36409
99000 36432
99000 36370
99000 36249
99000 36657
99000 36384
99000 36412
99000 36275
100000 37042
100000 36851
100000 36678
100000 36845
100000 36802
100000 36797
100000 36785
100000 36707
100000 36911
100000 36807
100000 36807
100000 36863
100000 36931
100000 36718
100000 36896
100000 36568
100000 36930
100000 36584
100000 36873
100000 36853
100000 36743
100000 36834
100000 36618
100000 36645
100000 36983
100000 36836
100000 36862
100000 36843
100000 36747
100000 36673
100000 36962
100000 36751
100000 36727
100000 36744
100000 36915
100000 36935
100000 36701
100000 36839
100000 37019
100000 36701
100000 36674
100000 36609
100000 36826
100000 36891
100000 36646
100000 36625
100000 36812
100000 36746
100000 36597
100000 36692
