1000 78
1000 16
1000 9
1000 35
1000 46
1000 34
1000 46
1000 10
1000 30
1000 35
1000 64
1000 16
1000 59
1000 52
1000 3
1000 22
1000 18
1000 72
1000 65
1000 42
1000 70
1000 30
1000 72
1000 33
1000 64
1000 20
1000 16
1000 43
1000 32
1000 71
1000 22
1000 42
1000 35
1000 50
1000 15
1000 25
1000 49
1000 61
1000 28
1000 16
1000 54
1000 75
1000 65
1000 46
1000 25
1000 32
1000 42
1000 49
1000 66
1000 14
2000 163
2000 85
2000 106
2000 106
2000 53
2000 34
2000 23
2000 35
2000 66
2000 77
2000 5
2000 106
2000 12
2000 51
2000 93
2000 85
2000 114
2000 77
2000 15
2000 42
2000 51
2000 65
2000 12
2000 11
2000 64
2000 53
2000 59
2000 54
2000 13
2000 67
2000 106
2000 150
2000 46
2000 47
2000 89
2000 9
2000 87
2000 34
2000 62
2000 28
2000 67
2000 15
2000 32
2000 39
2000 121
2000 62
2000 37
2000 46
2000 65
2000 38
3000 120
3000 96
3000 70
3000 96
3000 93
3000 112
3000 45
3000 37
3000 133
3000 74
3000 47
3000 24
3000 46
3000 134
3000 38
3000 37
3000 94
3000 61
3000 69
3000 137
3000 4
3000 68
3000 124
3000 61
3000 117
3000 78
3000 108
3000 52
3000 35
3000 132
3000 119
3000 88
3000 8
3000 131
3000 59
3000 42
3000 159
3000 103
3000 25
3000 120
3000 12
3000 43
3000 60
3000 105
3000 67
3000 72
3000 113
3000 50
3000 52
3000 85
4000 164
4000 102
4000 74
4000 105
4000 104
4000 78
4000 116
4000 88
4000 133
4000 42
4000 66
4000 42
4000 130
4000 81
4000 114
4000 128
4000 61
4000 59
4000 125
4000 114
4000 26
4000 138
4000 61
4000 116
4000 121
4000 101
4000 54
4000 76
4000 94
4000 143
4000 40
4000 98
4000 40
4000 43
4000 60
4000 140
4000 62
4000 37
4000 33
4000 112
4000 84
4000 97
4000 70
4000 127
4000 90
4000 57
4000 102
4000 50
4000 79
4000 32
5000 135
5000 153
5000 59
5000 101
5000 55
5000 51
5000 43
5000 98
5000 41
5000 37
5000 107
5000 148
5000 20
5000 118
5000 85
5000 26
5000 94
5000 116
5000 119
5000 170
5000 117
5000 94
5000 106
5000 255
5000 54
5000 113
5000 161
5000 173
5000 129
5000 22
5000 153
5000 84
5000 88
5000 115
5000 165
5000 58
5000 52
5000 168
5000 27
5000 113
5000 61
5000 65
5000 79
5000 23
5000 70
5000 73
5000 52
5000 72
5000 38
5000 137
6000 123
6000 82
6000 8
6000 68
6000 82
6000 132
6000 51
6000 95
6000 38
6000 48
6000 130
6000 70
6000 100
6000 61
6000 70
6000 123
6000 49
6000 114
6000 108
6000 9
6000 165
6000 39
6000 105
6000 73
6000 62
6000 43
6000 89
6000 118
6000 175
6000 260
6000 73
6000 49
6000 140
6000 62
6000 42
6000 143
6000 109
6000 57
6000 171
6000 86
6000 107
6000 84
6000 88
6000 116
6000 52
6000 179
6000 101
6000 17
6000 17
6000 128
7000 138
7000 96
7000 83
7000 166
7000 94
7000 82
7000 52
7000 59
7000 49
7000 118
7000 217
7000 85
7000 59
7000 133
7000 154
7000 81
7000 146
7000 121
7000 23
7000 32
7000 74
7000 76
7000 81
7000 40
7000 67
7000 107
7000 36
7000 93
7000 45
7000 42
7000 192
7000 38
7000 108
7000 78
7000 72
7000 69
7000 189
7000 113
7000 172
7000 189
7000 95
7000 34
7000 117
7000 75
7000 179
7000 135
7000 96
7000 178
7000 55
7000 119
8000 165
8000 97
8000 255
8000 129
8000 82
8000 267
8000 97
8000 44
8000 205
8000 103
8000 71
8000 64
8000 72
8000 59
8000 121
8000 22
8000 145
8000 216
8000 126
8000 80
8000 233
8000 139
8000 66
8000 118
8000 87
8000 34
8000 98
8000 199
8000 93
8000 221
8000 112
8000 187
8000 87
8000 183
8000 182
8000 57
8000 130
8000 188
8000 104
8000 74
8000 68
8000 184
8000 30
8000 71
8000 65
8000 259
8000 99
8000 144
8000 61
8000 164
9000 114
9000 116
9000 255
9000 83
9000 59
9000 42
9000 54
9000 117
9000 81
9000 101
9000 17
9000 112
9000 111
9000 189
9000 103
9000 37
9000 29
9000 93
9000 141
9000 180
9000 221
9000 219
9000 66
9000 17
9000 77
9000 79
9000 106
9000 122
9000 165
9000 53
9000 151
9000 41
9000 179
9000 84
9000 187
9000 26
9000 83
9000 136
9000 140
9000 65
9000 66
9000 55
9000 211
9000 98
9000 97
9000 114
9000 15
9000 125
9000 83
9000 119
10000 187
10000 68
10000 149
10000 150
10000 233
10000 102
10000 162
10000 151
10000 42
10000 112
10000 139
10000 141
10000 88
10000 46
10000 143
10000 118
10000 226
10000 67
10000 188
10000 18
10000 53
10000 141
10000 251
10000 79
10000 119
10000 363
10000 74
10000 186
10000 81
10000 75
10000 83
10000 196
10000 54
10000 182
10000 110
10000 189
10000 112
10000 128
10000 112
10000 134
10000 45
10000 122
10000 213
10000 167
10000 149
10000 216
10000 60
10000 105
10000 205
10000 46
11000 209
11000 39
11000 283
11000 116
11000 42
11000 80
11000 207
11000 324
11000 40
11000 121
11000 86
11000 55
11000 122
11000 96
11000 193
11000 151
11000 181
11000 121
11000 187
11000 84
11000 67
11000 71
11000 31
11000 188
11000 242
11000 217
11000 151
11000 51
11000 125
11000 79
11000 42
11000 115
11000 166
11000 130
11000 242
11000 88
11000 155
11000 30
11000 134
11000 36
11000 214
11000 119
11000 81
11000 85
11000 100
11000 96
11000 133
11000 228
11000 87
11000 280
12000 116
12000 105
12000 29
12000 121
12000 51
12000 166
12000 66
12000 293
12000 45
12000 45
12000 39
12000 150
12000 35
12000 101
12000 186
12000 250
12000 88
12000 101
12000 140
12000 118
12000 261
12000 211
12000 75
12000 45
12000 131
12000 97
12000 44
12000 166
12000 23
12000 63
12000 117
12000 267
12000 113
12000 86
12000 81
12000 92
12000 110
12000 102
12000 125
12000 120
12000 221
12000 187
12000 192
12000 104
12000 161
12000 57
12000 71
12000 87
12000 59
12000 243
13000 130
13000 189
13000 150
13000 65
13000 146
13000 63
13000 97
13000 283
13000 117
13000 178
13000 117
13000 116
13000 44
13000 69
13000 74
13000 127
13000 89
13000 82
13000 163
13000 156
13000 303
13000 123
13000 119
13000 87
13000 55
13000 53
13000 18
13000 153
13000 124
13000 69
13000 23
13000 78
13000 222
13000 279
13000 163
13000 136
13000 248
13000 123
13000 85
13000 152
13000 178
13000 119
13000 138
13000 37
13000 236
13000 113
13000 341
13000 249
13000 154
13000 172
14000 144
14000 50
14000 265
14000 215
14000 84
14000 189
14000 159
14000 117
14000 137
14000 167
14000 196
14000 218
14000 284
14000 290
14000 55
14000 194
14000 65
14000 136
14000 149
14000 224
14000 110
14000 174
14000 101
14000 62
14000 87
14000 145
14000 199
14000 239
14000 53
14000 168
14000 237
14000 145
14000 84
14000 32
14000 303
14000 167
14000 236
14000 66
14000 113
14000 142
14000 66
14000 173
14000 43
14000 84
14000 146
14000 84
14000 87
14000 70
14000 122
14000 122
15000 152
15000 121
15000 31
15000 158
15000 239
15000 190
15000 145
15000 15
15000 141
15000 77
15000 375
15000 93
15000 191
15000 186
15000 169
15000 49
15000 159
15000 213
15000 57
15000 28
15000 88
15000 103
15000 109
15000 94
15000 59
15000 199
15000 127
15000 197
15000 23
15000 85
15000 90
15000 200
15000 104
15000 63
15000 62
15000 40
15000 128
15000 244
15000 195
15000 356
15000 45
15000 260
15000 288
15000 176
15000 162
15000 89
15000 105
15000 16
15000 195
15000 152
16000 165
16000 112
16000 269
16000 46
16000 194
16000 231
16000 283
16000 52
16000 209
16000 192
16000 280
16000 164
16000 49
16000 150
16000 60
16000 156
16000 193
16000 130
16000 125
16000 268
16000 92
16000 81
16000 203
16000 45
16000 312
16000 140
16000 263
16000 173
16000 112
16000 176
16000 33
16000 91
16000 107
16000 185
16000 201
16000 265
16000 209
16000 224
16000 136
16000 86
16000 102
16000 185
16000 116
16000 79
16000 192
16000 119
16000 64
16000 109
16000 204
16000 103
17000 192
17000 361
17000 114
17000 131
17000 96
17000 195
17000 84
17000 139
17000 68
17000 52
17000 125
17000 140
17000 33
17000 304
17000 114
17000 161
17000 140
17000 261
17000 171
17000 76
17000 241
17000 177
17000 150
17000 85
17000 191
17000 216
17000 179
17000 99
17000 152
17000 76
17000 143
17000 279
17000 372
17000 293
17000 204
17000 222
17000 189
17000 172
17000 174
17000 363
17000 159
17000 214
17000 110
17000 146
17000 100
17000 177
17000 290
17000 214
17000 223
17000 193
18000 89
18000 283
18000 47
18000 191
18000 115
18000 47
18000 130
18000 103
18000 44
18000 70
18000 106
18000 179
18000 40
18000 102
18000 189
18000 125
18000 93
18000 350
18000 37
18000 294
18000 89
18000 346
18000 225
18000 328
18000 182
18000 139
18000 403
18000 18
18000 251
18000 155
18000 80
18000 247
18000 89
18000 332
18000 139
18000 337
18000 94
18000 256
18000 174
18000 312
18000 162
18000 183
18000 74
18000 200
18000 339
18000 71
18000 107
18000 282
18000 118
18000 109
19000 97
19000 315
19000 121
19000 263
19000 60
19000 138
19000 75
19000 77
19000 54
19000 158
19000 145
19000 26
19000 176
19000 90
19000 321
19000 340
19000 337
19000 83
19000 73
19000 112
19000 4
19000 134
19000 247
19000 392
19000 132
19000 240
19000 26
19000 187
19000 8
19000 147
19000 201
19000 248
19000 193
19000 306
19000 90
19000 148
19000 183
19000 143
19000 169
19000 143
19000 140
19000 132
19000 158
19000 359
19000 307
19000 89
19000 230
19000 44
19000 192
19000 77
20000 104
20000 247
20000 314
20000 179
20000 186
20000 129
20000 152
20000 125
20000 85
20000 311
20000 261
20000 132
20000 199
20000 204
20000 51
20000 145
20000 392
20000 99
20000 73
20000 285
20000 101
20000 154
20000 194
20000 90
20000 170
20000 198
20000 127
20000 172
20000 167
20000 96
20000 91
20000 189
20000 225
20000 70
20000 95
20000 140
20000 191
20000 241
20000 98
20000 120
20000 141
20000 201
20000 166
20000 128
20000 223
20000 194
20000 116
20000 201
20000 172
20000 36
21000 225
21000 47
21000 233
21000 210
21000 167
21000 186
21000 65
21000 178
21000 214
21000 73
21000 126
21000 90
21000 87
21000 133
21000 176
21000 127
21000 160
21000 98
21000 309
21000 328
21000 248
21000 226
21000 237
21000 69
21000 216
21000 83
21000 231
21000 210
21000 117
21000 208
21000 125
21000 234
21000 289
21000 118
21000 232
21000 119
21000 155
21000 17
21000 147
21000 418
21000 298
21000 207
21000 155
21000 151
21000 193
21000 229
21000 202
21000 262
21000 150
21000 257
22000 149
22000 110
22000 256
22000 80
22000 100
22000 49
22000 283
22000 110
22000 120
22000 371
22000 324
22000 80
22000 258
22000 53
22000 81
22000 195
22000 259
22000 183
22000 166
22000 242
22000 175
22000 45
22000 133
22000 163
22000 64
22000 135
22000 264
22000 262
22000 369
22000 232
22000 52
22000 149
22000 129
22000 276
22000 290
22000 191
22000 65
22000 309
22000 142
22000 184
22000 347
22000 228
22000 169
22000 121
22000 374
22000 259
22000 144
22000 113
22000 137
22000 138
23000 284
23000 153
23000 312
23000 240
23000 183
23000 49
23000 253
23000 251
23000 176
23000 206
23000 301
23000 396
23000 299
23000 243
23000 160
23000 193
23000 210
23000 169
23000 228
23000 147
23000 94
23000 298
23000 134
23000 246
23000 154
23000 104
23000 216
23000 201
23000 531
23000 116
23000 37
23000 256
23000 82
23000 369
23000 265
23000 322
23000 272
23000 125
23000 188
23000 17
23000 247
23000 240
23000 177
23000 95
23000 164
23000 111
23000 197
23000 203
23000 247
23000 246
24000 110
24000 243
24000 94
24000 61
24000 74
24000 142
24000 194
24000 232
24000 60
24000 223
24000 86
24000 210
24000 258
24000 65
24000 200
24000 101
24000 128
24000 176
24000 245
24000 412
24000 193
24000 84
24000 314
24000 193
24000 154
24000 194
24000 110
24000 178
24000 204
24000 103
24000 196
24000 334
24000 124
24000 298
24000 120
24000 463
24000 67
24000 140
24000 156
24000 66
24000 326
24000 269
24000 325
24000 169
24000 243
24000 206
24000 287
24000 41
24000 134
24000 25
25000 120
25000 54
25000 109
25000 152
25000 302
25000 420
25000 22
25000 217
25000 335
25000 332
25000 235
25000 143
25000 113
25000 95
25000 101
25000 184
25000 98
25000 269
25000 260
25000 149
25000 175
25000 100
25000 129
25000 256
25000 64
25000 84
25000 212
25000 314
25000 58
25000 227
25000 229
25000 187
25000 307
25000 185
25000 344
25000 245
25000 236
25000 124
25000 59
25000 112
25000 271
25000 116
25000 337
25000 135
25000 301
25000 127
25000 337
25000 255
25000 299
25000 182
26000 132
26000 156
26000 55
26000 341
26000 242
26000 386
26000 319
26000 391
26000 287
26000 354
26000 133
26000 196
26000 261
26000 84
26000 174
26000 248
26000 254
26000 217
26000 324
26000 328
26000 239
26000 57
26000 229
26000 107
26000 348
26000 174
26000 113
26000 140
26000 448
26000 123
26000 329
26000 235
26000 291
26000 120
26000 127
26000 324
26000 253
26000 325
26000 238
26000 108
26000 180
26000 305
26000 117
26000 352
26000 70
26000 113
26000 65
26000 144
26000 143
26000 265
27000 321
27000 135
27000 216
27000 151
27000 69
27000 253
27000 58
27000 145
27000 394
27000 186
27000 200
27000 214
27000 198
27000 161
27000 264
27000 104
27000 167
27000 66
27000 418
27000 73
27000 352
27000 243
27000 173
27000 520
27000 49
27000 319
27000 253
27000 252
27000 171
27000 52
27000 130
27000 162
27000 186
27000 162
27000 217
27000 306
27000 54
27000 306
27000 378
27000 419
27000 50
27000 32
27000 496
27000 321
27000 255
27000 113
27000 188
27000 608
27000 120
27000 114
28000 456
28000 317
28000 156
28000 189
28000 242
28000 143
28000 254
28000 220
28000 345
28000 153
28000 361
28000 233
28000 68
28000 179
28000 212
28000 135
28000 172
28000 426
28000 397
28000 353
28000 311
28000 51
28000 258
28000 232
28000 159
28000 117
28000 179
28000 230
28000 259
28000 271
28000 321
28000 177
28000 126
28000 308
28000 32
28000 167
28000 199
28000 182
28000 160
28000 166
28000 330
28000 133
28000 187
28000 328
28000 214
28000 167
28000 47
28000 277
28000 78
28000 286
29000 205
29000 144
29000 222
29000 427
29000 277
29000 129
29000 247
29000 155
29000 147
29000 242
29000 98
29000 180
29000 116
29000 48
29000 96
29000 179
29000 43
29000 91
29000 188
29000 277
29000 328
29000 144
29000 112
29000 309
29000 197
29000 88
29000 109
29000 137
29000 122
29000 410
29000 350
29000 359
29000 184
29000 38
29000 102
29000 319
29000 54
29000 297
29000 251
29000 202
29000 196
29000 236
29000 233
29000 271
29000 197
29000 313
29000 295
29000 385
29000 176
29000 139
30000 147
30000 294
30000 113
30000 79
30000 365
30000 145
30000 284
30000 104
30000 54
30000 157
30000 211
30000 68
30000 115
30000 161
30000 154
30000 237
30000 188
30000 176
30000 171
30000 259
30000 255
30000 165
30000 136
30000 272
30000 85
30000 149
30000 211
30000 336
30000 150
30000 117
30000 302
30000 390
30000 214
30000 184
30000 254
30000 506
30000 308
30000 313
30000 52
30000 99
30000 176
30000 122
30000 227
30000 369
30000 341
30000 212
30000 256
30000 48
30000 145
30000 457
31000 155
31000 33
31000 215
31000 234
31000 38
31000 79
31000 29
31000 446
31000 35
31000 119
31000 151
31000 358
31000 145
31000 137
31000 26
31000 225
31000 203
31000 121
31000 357
31000 381
31000 262
31000 257
31000 54
31000 336
31000 336
31000 49
31000 549
31000 91
31000 373
31000 423
31000 277
31000 321
31000 269
31000 262
31000 432
31000 189
31000 227
31000 100
31000 258
31000 328
31000 175
31000 195
31000 523
31000 405
31000 210
31000 260
31000 262
31000 88
31000 267
31000 274
32000 163
32000 162
32000 315
32000 65
32000 342
32000 352
32000 362
32000 125
32000 210
32000 152
32000 74
32000 55
32000 335
32000 336
32000 278
32000 283
32000 189
32000 245
32000 201
32000 156
32000 197
32000 395
32000 270
32000 219
32000 222
32000 267
32000 219
32000 215
32000 152
32000 280
32000 350
32000 154
32000 195
32000 131
32000 360
32000 416
32000 199
32000 109
32000 349
32000 120
32000 186
32000 257
32000 305
32000 188
32000 190
32000 290
32000 105
32000 241
32000 412
32000 213
33000 182
33000 310
33000 340
33000 199
33000 132
33000 305
33000 377
33000 144
33000 252
33000 231
33000 107
33000 64
33000 160
33000 181
33000 378
33000 437
33000 100
33000 178
33000 118
33000 69
33000 58
33000 143
33000 123
33000 105
33000 266
33000 324
33000 129
33000 262
33000 259
33000 213
33000 334
33000 171
33000 101
33000 256
33000 113
33000 345
33000 107
33000 257
33000 179
33000 352
33000 203
33000 174
33000 192
33000 314
33000 41
33000 174
33000 327
33000 53
33000 76
33000 340
34000 411
34000 233
34000 298
34000 164
34000 234
34000 447
34000 74
34000 135
34000 427
34000 357
34000 381
34000 41
34000 326
34000 444
34000 176
34000 369
34000 75
34000 341
34000 99
34000 198
34000 68
34000 207
34000 410
34000 272
34000 253
34000 257
34000 502
34000 223
34000 184
34000 136
34000 314
34000 463
34000 62
34000 77
34000 128
34000 162
34000 109
34000 254
34000 199
34000 185
34000 310
34000 263
34000 137
34000 228
34000 40
34000 343
34000 222
34000 342
34000 540
34000 343
35000 91
35000 171
35000 452
35000 294
35000 185
35000 108
35000 412
35000 222
35000 173
35000 292
35000 274
35000 276
35000 204
35000 310
35000 95
35000 94
35000 199
35000 340
35000 102
35000 168
35000 260
35000 129
35000 136
35000 461
35000 365
35000 92
35000 143
35000 116
35000 494
35000 476
35000 306
35000 213
35000 203
35000 323
35000 190
35000 389
35000 118
35000 106
35000 92
35000 143
35000 259
35000 120
35000 164
35000 137
35000 100
35000 204
35000 386
35000 341
35000 249
35000 284
36000 99
36000 130
36000 31
36000 175
36000 133
36000 111
36000 206
36000 343
36000 300
36000 178
36000 225
36000 236
36000 132
36000 361
36000 182
36000 75
36000 112
36000 14
36000 255
36000 357
36000 205
36000 200
36000 474
36000 364
36000 220
36000 134
36000 504
36000 294
36000 181
36000 609
36000 300
36000 334
36000 155
36000 317
36000 206
36000 303
36000 278
36000 171
36000 166
36000 68
36000 232
36000 209
36000 230
36000 232
36000 327
36000 257
36000 326
36000 120
36000 421
36000 162
37000 404
37000 224
37000 362
37000 384
37000 227
37000 135
37000 181
37000 203
37000 83
37000 389
37000 117
37000 175
37000 154
37000 135
37000 187
37000 61
37000 634
37000 291
37000 345
37000 284
37000 150
37000 106
37000 89
37000 367
37000 163
37000 163
37000 268
37000 131
37000 122
37000 425
37000 199
37000 488
37000 218
37000 169
37000 255
37000 107
37000 291
37000 371
37000 107
37000 184
37000 225
37000 312
37000 199
37000 355
37000 106
37000 309
37000 338
37000 143
37000 217
37000 264
38000 246
38000 136
38000 94
38000 227
38000 278
38000 426
38000 228
38000 166
38000 228
38000 267
38000 164
38000 248
38000 352
38000 435
38000 191
38000 191
38000 131
38000 319
38000 70
38000 371
38000 116
38000 434
38000 64
38000 116
38000 147
38000 99
38000 353
38000 257
38000 373
38000 187
38000 326
38000 317
38000 445
38000 148
38000 344
38000 108
38000 522
38000 335
38000 169
38000 340
38000 416
38000 59
38000 60
38000 200
38000 129
38000 318
38000 148
38000 234
38000 77
38000 215
39000 418
39000 7
39000 111
39000 125
39000 201
39000 188
39000 136
39000 495
39000 229
39000 377
39000 277
39000 339
39000 529
39000 264
39000 316
39000 195
39000 149
39000 234
39000 266
39000 134
39000 207
39000 76
39000 316
39000 323
39000 254
39000 257
39000 131
39000 123
39000 60
39000 236
39000 308
39000 70
39000 587
39000 103
39000 140
39000 175
39000 456
39000 24
39000 290
39000 304
39000 417
39000 86
39000 118
39000 288
39000 163
39000 292
39000 132
39000 256
39000 380
39000 178
40000 246
40000 164
40000 322
40000 203
40000 314
40000 158
40000 115
40000 84
40000 405
40000 388
40000 174
40000 252
40000 616
40000 175
40000 298
40000 568
40000 590
40000 291
40000 157
40000 52
40000 426
40000 187
40000 145
40000 216
40000 169
40000 301
40000 347
40000 278
40000 363
40000 428
40000 162
40000 395
40000 138
40000 97
40000 83
40000 126
40000 70
40000 493
40000 11
40000 138
40000 217
40000 256
40000 239
40000 215
40000 287
40000 173
40000 237
40000 100
40000 72
40000 642
41000 107
41000 206
41000 377
41000 73
41000 75
41000 165
41000 207
41000 159
41000 298
41000 378
41000 212
41000 315
41000 379
41000 500
41000 366
41000 109
41000 120
41000 220
41000 53
41000 324
41000 316
41000 246
41000 227
41000 189
41000 187
41000 253
41000 333
41000 361
41000 200
41000 480
41000 221
41000 249
41000 247
41000 50
41000 198
41000 161
41000 337
41000 233
41000 263
41000 87
41000 393
41000 257
41000 280
41000 126
41000 315
41000 280
41000 191
41000 286
41000 292
41000 391
42000 113
42000 166
42000 170
42000 243
42000 386
42000 371
42000 469
42000 128
42000 84
42000 136
42000 341
42000 218
42000 135
42000 401
42000 118
42000 17
42000 296
42000 402
42000 197
42000 42
42000 480
42000 259
42000 432
42000 32
42000 343
42000 93
42000 205
42000 194
42000 88
42000 130
42000 308
42000 441
42000 6
42000 168
42000 463
42000 273
42000 173
42000 407
42000 156
42000 270
42000 299
42000 470
42000 180
42000 429
42000 210
42000 142
42000 138
42000 174
42000 291
42000 125
43000 259
43000 317
43000 28
43000 406
43000 348
43000 309
43000 56
43000 336
43000 376
43000 84
43000 201
43000 54
43000 195
43000 386
43000 130
43000 674
43000 680
43000 358
43000 494
43000 464
43000 628
43000 260
43000 404
43000 358
43000 238
43000 354
43000 381
43000 512
43000 71
43000 337
43000 121
43000 129
43000 139
43000 467
43000 199
43000 245
43000 211
43000 209
43000 302
43000 99
43000 375
43000 391
43000 375
43000 129
43000 138
43000 317
43000 71
43000 437
43000 26
43000 19
44000 365
44000 109
44000 563
44000 259
44000 608
44000 267
44000 21
44000 295
44000 422
44000 332
44000 186
44000 460
44000 367
44000 90
44000 114
44000 20
44000 140
44000 240
44000 267
44000 100
44000 180
44000 291
44000 410
44000 147
44000 288
44000 223
44000 159
44000 159
44000 357
44000 568
44000 177
44000 459
44000 360
44000 332
44000 98
44000 150
44000 108
44000 190
44000 39
44000 82
44000 445
44000 129
44000 472
44000 102
44000 140
44000 198
44000 297
44000 444
44000 198
44000 300
45000 282
45000 327
45000 129
45000 19
45000 450
45000 137
45000 167
45000 403
45000 183
45000 147
45000 292
45000 53
45000 381
45000 493
45000 193
45000 138
45000 21
45000 108
45000 407
45000 137
45000 422
45000 493
45000 428
45000 101
45000 355
45000 415
45000 367
45000 198
45000 141
45000 75
45000 78
45000 453
45000 139
45000 162
45000 348
45000 389
45000 146
45000 215
45000 473
45000 430
45000 107
45000 328
45000 313
45000 391
45000 240
45000 48
45000 178
45000 154
45000 439
45000 153
46000 550
46000 135
46000 220
46000 188
46000 112
46000 197
46000 453
46000 452
46000 262
46000 348
46000 308
46000 248
46000 186
46000 101
46000 239
46000 262
46000 203
46000 282
46000 233
46000 464
46000 261
46000 317
46000 255
46000 331
46000 188
46000 284
46000 161
46000 138
46000 515
46000 347
46000 289
46000 355
46000 285
46000 551
46000 84
46000 233
46000 547
46000 468
46000 173
46000 392
46000 315
46000 219
46000 184
46000 231
46000 253
46000 353
46000 181
46000 387
46000 374
46000 284
47000 131
47000 491
47000 135
47000 318
47000 495
47000 497
47000 382
47000 264
47000 400
47000 239
47000 303
47000 176
47000 129
47000 159
47000 199
47000 123
47000 444
47000 315
47000 100
47000 263
47000 146
47000 539
47000 270
47000 431
47000 198
47000 136
47000 356
47000 344
47000 128
47000 183
47000 301
47000 135
47000 369
47000 303
47000 117
47000 487
47000 53
47000 313
47000 118
47000 489
47000 85
47000 372
47000 122
47000 133
47000 216
47000 247
47000 381
47000 310
47000 277
47000 220
48000 116
48000 176
48000 208
48000 247
48000 192
48000 530
48000 201
48000 89
48000 150
48000 130
48000 259
48000 232
48000 165
48000 124
48000 33
48000 269
48000 535
48000 91
48000 73
48000 112
48000 222
48000 215
48000 329
48000 431
48000 306
48000 136
48000 430
48000 108
48000 86
48000 327
48000 392
48000 289
48000 405
48000 331
48000 572
48000 343
48000 634
48000 367
48000 112
48000 90
48000 285
48000 171
48000 207
48000 224
48000 339
48000 149
48000 225
48000 421
48000 472
48000 117
49000 264
49000 359
49000 201
49000 213
49000 175
49000 380
49000 131
49000 210
49000 382
49000 651
49000 285
49000 360
49000 172
49000 293
49000 47
49000 143
49000 385
49000 342
49000 402
49000 290
49000 277
49000 445
49000 244
49000 526
49000 270
49000 413
49000 368
49000 209
49000 234
49000 87
49000 337
49000 377
49000 142
49000 187
49000 187
49000 361
49000 281
49000 214
49000 431
49000 269
49000 221
49000 326
49000 56
49000 87
49000 278
49000 156
49000 243
49000 161
49000 229
49000 111
50000 314
50000 106
50000 315
50000 376
50000 188
50000 205
50000 142
50000 180
50000 405
50000 330
50000 402
50000 314
50000 84
50000 296
50000 166
50000 277
50000 91
50000 172
50000 282
50000 228
50000 275
50000 469
50000 213
50000 377
50000 37
50000 550
50000 273
50000 195
50000 111
50000 179
50000 130
50000 189
50000 279
50000 71
50000 116
50000 273
50000 194
50000 363
50000 172
50000 130
50000 691
50000 414
50000 202
50000 139
50000 222
50000 150
50000 365
50000 439
50000 582
50000 193
51000 531
51000 316
51000 259
51000 251
51000 537
51000 148
51000 298
51000 579
51000 87
51000 535
51000 534
51000 358
51000 404
51000 281
51000 219
51000 440
51000 161
51000 429
51000 151
51000 111
51000 290
51000 391
51000 157
51000 319
51000 42
51000 198
51000 24
51000 288
51000 283
51000 627
51000 364
51000 206
51000 341
51000 424
51000 254
51000 248
51000 343
51000 187
51000 150
51000 171
51000 109
51000 324
51000 614
51000 137
51000 84
51000 477
51000 548
51000 317
51000 51
51000 163
52000 314
52000 250
52000 123
52000 306
52000 331
52000 289
52000 378
52000 324
52000 174
52000 442
52000 445
52000 379
52000 327
52000 305
52000 206
52000 128
52000 311
52000 242
52000 449
52000 389
52000 353
52000 191
52000 546
52000 424
52000 436
52000 143
52000 30
52000 185
52000 227
52000 150
52000 108
52000 301
52000 95
52000 133
52000 213
52000 258
52000 580
52000 479
52000 73
52000 151
52000 88
52000 390
52000 444
52000 215
52000 469
52000 320
52000 463
52000 201
52000 247
52000 230
53000 130
53000 162
53000 415
53000 22
53000 602
53000 46
53000 200
53000 154
53000 469
53000 291
53000 419
53000 540
53000 90
53000 249
53000 164
53000 204
53000 436
53000 107
53000 217
53000 306
53000 497
53000 697
53000 403
53000 185
53000 178
53000 458
53000 254
53000 886
53000 271
53000 77
53000 410
53000 412
53000 190
53000 118
53000 168
53000 342
53000 394
53000 185
53000 401
53000 303
53000 177
53000 415
53000 474
53000 277
53000 217
53000 191
53000 512
53000 237
53000 233
53000 184
54000 137
54000 653
54000 267
54000 256
54000 203
54000 225
54000 170
54000 495
54000 133
54000 565
54000 281
54000 424
54000 154
54000 504
54000 470
54000 270
54000 214
54000 333
54000 159
54000 353
54000 415
54000 549
54000 291
54000 176
54000 336
54000 235
54000 667
54000 176
54000 442
54000 107
54000 427
54000 49
54000 425
54000 67
54000 371
54000 28
54000 221
54000 175
54000 351
54000 256
54000 305
54000 241
54000 375
54000 210
54000 20
54000 202
54000 345
54000 439
54000 477
54000 225
55000 336
55000 503
55000 25
55000 314
55000 62
55000 156
55000 377
55000 332
55000 389
55000 479
55000 259
55000 184
55000 396
55000 194
55000 147
55000 252
55000 359
55000 254
55000 140
55000 284
55000 533
55000 301
55000 93
55000 518
55000 359
55000 270
55000 286
55000 424
55000 146
55000 118
55000 171
55000 61
55000 294
55000 221
55000 80
55000 129
55000 258
55000 404
55000 335
55000 139
55000 287
55000 381
55000 216
55000 677
55000 69
55000 278
55000 213
55000 506
55000 194
55000 374
56000 452
56000 103
56000 368
56000 504
56000 251
56000 142
56000 285
56000 64
56000 11
56000 412
56000 293
56000 334
56000 569
56000 209
56000 199
56000 61
56000 286
56000 360
56000 398
56000 70
56000 58
56000 376
56000 321
56000 110
56000 75
56000 329
56000 247
56000 371
56000 345
56000 147
56000 152
56000 480
56000 153
56000 650
56000 432
56000 103
56000 138
56000 196
56000 347
56000 468
56000 87
56000 442
56000 140
56000 208
56000 179
56000 264
56000 226
56000 472
56000 354
56000 193
57000 347
57000 406
57000 161
57000 281
57000 153
57000 432
57000 275
57000 467
57000 172
57000 567
57000 319
57000 100
57000 492
57000 466
57000 541
57000 334
57000 162
57000 141
57000 446
57000 162
57000 327
57000 401
57000 196
57000 120
57000 390
57000 521
57000 216
57000 313
57000 493
57000 459
57000 206
57000 218
57000 240
57000 19
57000 263
57000 185
57000 475
57000 288
57000 312
57000 340
57000 285
57000 286
57000 779
57000 161
57000 407
57000 124
57000 281
57000 73
57000 336
57000 411
58000 485
58000 57
58000 465
58000 430
58000 272
58000 348
58000 270
58000 169
58000 533
58000 452
58000 483
58000 602
58000 421
58000 526
58000 673
58000 422
58000 418
58000 138
58000 363
58000 192
58000 188
58000 507
58000 255
58000 304
58000 387
58000 221
58000 177
58000 48
58000 283
58000 478
58000 54
58000 339
58000 291
58000 458
58000 241
58000 223
58000 409
58000 114
58000 375
58000 312
58000 180
58000 202
58000 267
58000 163
58000 117
58000 506
58000 230
58000 127
58000 251
58000 170
59000 152
59000 331
59000 507
59000 351
59000 65
59000 239
59000 270
59000 295
59000 102
59000 276
59000 226
59000 48
59000 247
59000 514
59000 176
59000 270
59000 289
59000 468
59000 468
59000 301
59000 243
59000 317
59000 416
59000 433
59000 178
59000 218
59000 165
59000 601
59000 449
59000 422
59000 461
59000 757
59000 440
59000 255
59000 638
59000 544
59000 207
59000 273
59000 483
59000 276
59000 107
59000 444
59000 299
59000 320
59000 159
59000 402
59000 259
59000 525
59000 323
59000 230
60000 150
60000 379
60000 201
60000 298
60000 226
60000 101
60000 356
60000 251
60000 234
60000 309
60000 260
60000 50
60000 55
60000 301
60000 395
60000 586
60000 242
60000 41
60000 92
60000 147
60000 210
60000 276
60000 452
60000 307
60000 152
60000 326
60000 449
60000 145
60000 92
60000 424
60000 352
60000 605
60000 498
60000 390
60000 281
60000 366
60000 665
60000 365
60000 154
60000 147
60000 264
60000 72
60000 103
60000 410
60000 402
60000 425
60000 306
60000 291
60000 528
60000 283
61000 151
61000 325
61000 499
61000 411
61000 226
61000 404
61000 379
61000 224
61000 498
61000 268
61000 411
61000 49
61000 260
61000 528
61000 299
61000 258
61000 165
61000 189
61000 268
61000 410
61000 125
61000 331
61000 155
61000 508
61000 111
61000 716
61000 194
61000 292
61000 236
61000 94
61000 238
61000 158
61000 281
61000 667
61000 236
61000 248
61000 371
61000 212
61000 335
61000 372
61000 183
61000 312
61000 203
61000 648
61000 164
61000 84
61000 389
61000 137
61000 380
61000 87
62000 338
62000 250
62000 219
62000 661
62000 349
62000 330
62000 252
62000 293
62000 477
62000 148
62000 247
62000 343
62000 231
62000 203
62000 114
62000 336
62000 294
62000 186
62000 206
62000 95
62000 133
62000 176
62000 285
62000 390
62000 24
62000 286
62000 468
62000 354
62000 191
62000 301
62000 186
62000 374
62000 476
62000 140
62000 300
62000 362
62000 173
62000 323
62000 283
62000 543
62000 279
62000 575
62000 585
62000 373
62000 268
62000 247
62000 356
62000 483
62000 334
62000 493
63000 344
63000 564
63000 531
63000 24
63000 201
63000 340
63000 209
63000 336
63000 181
63000 467
63000 339
63000 110
63000 501
63000 360
63000 376
63000 415
63000 357
63000 548
63000 377
63000 679
63000 658
63000 421
63000 119
63000 242
63000 189
63000 310
63000 196
63000 19
63000 196
63000 130
63000 671
63000 374
63000 262
63000 162
63000 220
63000 236
63000 511
63000 43
63000 402
63000 246
63000 196
63000 97
63000 381
63000 386
63000 228
63000 230
63000 228
63000 492
63000 545
63000 393
64000 162
64000 203
64000 353
64000 301
64000 201
64000 670
64000 218
64000 136
64000 510
64000 453
64000 491
64000 469
64000 220
64000 299
64000 171
64000 155
64000 210
64000 264
64000 432
64000 155
64000 336
64000 339
64000 557
64000 421
64000 329
64000 181
64000 531
64000 401
64000 387
64000 521
64000 497
64000 73
64000 542
64000 163
64000 76
64000 262
64000 213
64000 149
64000 371
64000 480
64000 607
64000 312
64000 155
64000 353
64000 13
64000 432
64000 159
64000 232
64000 335
64000 255
65000 167
65000 316
65000 463
65000 353
65000 613
65000 384
65000 423
65000 206
65000 387
65000 313
65000 406
65000 212
65000 162
65000 269
65000 205
65000 648
65000 378
65000 215
65000 601
65000 248
65000 148
65000 95
65000 470
65000 341
65000 414
65000 679
65000 286
65000 492
65000 505
65000 104
65000 39
65000 53
65000 187
65000 452
65000 623
65000 237
65000 404
65000 124
65000 365
65000 72
65000 172
65000 390
65000 317
65000 76
65000 328
65000 373
65000 220
65000 526
65000 529
65000 240
66000 202
66000 261
66000 294
66000 392
66000 463
66000 350
66000 97
66000 360
66000 438
66000 336
66000 645
66000 544
66000 409
66000 392
66000 192
66000 334
66000 282
66000 317
66000 363
66000 284
66000 364
66000 175
66000 557
66000 84
66000 185
66000 244
66000 22
66000 424
66000 389
66000 570
66000 623
66000 220
66000 448
66000 340
66000 284
66000 455
66000 413
66000 180
66000 279
66000 142
66000 420
66000 301
66000 303
66000 176
66000 273
66000 333
66000 327
66000 176
66000 162
66000 464
67000 278
67000 566
67000 189
67000 292
67000 24
67000 189
67000 318
67000 357
67000 382
67000 111
67000 273
67000 174
67000 598
67000 206
67000 475
67000 518
67000 285
67000 574
67000 246
67000 594
67000 186
67000 113
67000 304
67000 616
67000 430
67000 361
67000 595
67000 357
67000 748
67000 417
67000 146
67000 474
67000 202
67000 307
67000 103
67000 347
67000 538
67000 212
67000 361
67000 151
67000 100
67000 310
67000 443
67000 91
67000 270
67000 750
67000 727
67000 215
67000 407
67000 504
68000 270
68000 789
68000 430
68000 566
68000 427
68000 616
68000 245
68000 111
68000 70
68000 433
68000 123
68000 225
68000 321
68000 626
68000 515
68000 365
68000 174
68000 487
68000 84
68000 494
68000 534
68000 12
68000 296
68000 259
68000 137
68000 208
68000 125
68000 136
68000 462
68000 233
68000 54
68000 559
68000 332
68000 632
68000 391
68000 418
68000 341
68000 307
68000 306
68000 473
68000 496
68000 279
68000 276
68000 303
68000 735
68000 296
68000 209
68000 315
68000 75
68000 828
69000 606
69000 532
69000 507
69000 314
69000 135
69000 339
69000 136
69000 9
69000 120
69000 196
69000 260
69000 483
69000 170
69000 327
69000 393
69000 386
69000 414
69000 177
69000 290
69000 221
69000 286
69000 178
69000 679
69000 128
69000 471
69000 318
69000 187
69000 286
69000 370
69000 151
69000 499
69000 279
69000 513
69000 252
69000 101
69000 298
69000 302
69000 142
69000 491
69000 357
69000 88
69000 600
69000 181
69000 405
69000 235
69000 318
69000 299
69000 108
69000 385
69000 403
70000 90
70000 517
70000 508
70000 366
70000 703
70000 347
70000 396
70000 258
70000 135
70000 261
70000 102
70000 500
70000 309
70000 130
70000 290
70000 363
70000 345
70000 172
70000 226
70000 358
70000 237
70000 486
70000 217
70000 513
70000 656
70000 466
70000 176
70000 576
70000 271
70000 154
70000 276
70000 454
70000 174
70000 453
70000 152
70000 604
70000 196
70000 494
70000 328
70000 421
70000 394
70000 276
70000 348
70000 223
70000 429
70000 337
70000 109
70000 461
70000 363
70000 391
71000 645
71000 181
71000 459
71000 243
71000 428
71000 354
71000 652
71000 90
71000 431
71000 264
71000 278
71000 612
71000 390
71000 461
71000 368
71000 144
71000 353
71000 392
71000 565
71000 174
71000 219
71000 298
71000 652
71000 499
71000 215
71000 420
71000 595
71000 277
71000 71
71000 176
71000 177
71000 597
71000 228
71000 562
71000 354
71000 179
71000 139
71000 258
71000 238
71000 177
71000 24
71000 208
71000 286
71000 390
71000 387
71000 108
71000 545
71000 336
71000 402
71000 215
72000 366
72000 256
72000 565
72000 29
72000 137
72000 222
72000 262
72000 121
72000 812
72000 169
72000 352
72000 590
72000 424
72000 241
72000 136
72000 275
72000 380
72000 202
72000 771
72000 460
72000 185
72000 102
72000 488
72000 645
72000 95
72000 305
72000 108
72000 332
72000 449
72000 428
72000 366
72000 224
72000 139
72000 189
72000 342
72000 156
72000 174
72000 105
72000 137
72000 381
72000 458
72000 395
72000 214
72000 425
72000 510
72000 247
72000 331
72000 218
72000 391
72000 412
73000 232
73000 526
73000 394
73000 255
73000 202
73000 46
73000 223
73000 570
73000 511
73000 313
73000 312
73000 95
73000 365
73000 298
73000 282
73000 726
73000 269
73000 199
73000 174
73000 444
73000 325
73000 207
73000 216
73000 186
73000 339
73000 211
73000 132
73000 569
73000 448
73000 225
73000 141
73000 710
73000 413
73000 382
73000 124
73000 242
73000 429
73000 252
73000 223
73000 410
73000 754
73000 246
73000 540
73000 204
73000 49
73000 525
73000 510
73000 285
73000 413
73000 278
74000 376
74000 385
74000 271
74000 282
74000 515
74000 344
74000 117
74000 560
74000 104
74000 320
74000 137
74000 127
74000 442
74000 191
74000 96
74000 368
74000 408
74000 485
74000 344
74000 447
74000 319
74000 337
74000 349
74000 303
74000 448
74000 280
74000 386
74000 222
74000 285
74000 362
74000 150
74000 288
74000 455
74000 56
74000 794
74000 500
74000 385
74000 146
74000 283
74000 661
74000 137
74000 46
74000 266
74000 154
74000 296
74000 157
74000 500
74000 85
74000 558
74000 198
75000 677
75000 707
75000 364
75000 428
75000 685
75000 165
75000 805
75000 263
75000 266
75000 564
75000 511
75000 47
75000 520
75000 346
75000 668
75000 424
75000 251
75000 441
75000 794
75000 420
75000 218
75000 336
75000 265
75000 732
75000 46
75000 430
75000 117
75000 327
75000 294
75000 490
75000 118
75000 326
75000 55
75000 429
75000 497
75000 384
75000 153
75000 489
75000 406
75000 504
75000 378
75000 258
75000 92
75000 207
75000 296
75000 390
75000 393
75000 126
75000 464
75000 119
76000 621
76000 165
76000 741
76000 243
76000 191
76000 194
76000 420
76000 490
76000 404
76000 426
76000 197
76000 164
76000 402
76000 291
76000 391
76000 511
76000 620
76000 322
76000 492
76000 337
76000 374
76000 340
76000 62
76000 466
76000 208
76000 470
76000 275
76000 282
76000 702
76000 260
76000 157
76000 162
76000 460
76000 464
76000 208
76000 221
76000 438
76000 633
76000 284
76000 354
76000 115
76000 680
76000 301
76000 360
76000 680
76000 422
76000 258
76000 390
76000 136
76000 399
77000 489
77000 576
77000 189
77000 320
77000 136
77000 593
77000 474
77000 371
77000 354
77000 725
77000 116
77000 99
77000 72
77000 639
77000 170
77000 138
77000 439
77000 64
77000 222
77000 415
77000 268
77000 169
77000 340
77000 521
77000 346
77000 411
77000 369
77000 594
77000 161
77000 280
77000 285
77000 378
77000 226
77000 332
77000 211
77000 153
77000 467
77000 337
77000 181
77000 201
77000 171
77000 406
77000 25
77000 561
77000 412
77000 254
77000 340
77000 753
77000 213
77000 245
78000 400
78000 316
78000 580
78000 344
78000 98
78000 302
78000 186
78000 564
78000 156
78000 92
78000 197
78000 550
78000 267
78000 545
78000 537
78000 604
78000 408
78000 531
78000 220
78000 523
78000 864
78000 190
78000 322
78000 263
78000 273
78000 158
78000 688
78000 334
78000 403
78000 436
78000 382
78000 138
78000 79
78000 255
78000 302
78000 642
78000 448
78000 579
78000 452
78000 383
78000 257
78000 212
78000 437
78000 191
78000 180
78000 591
78000 365
78000 636
78000 410
78000 483
79000 324
79000 381
79000 295
79000 343
79000 636
79000 354
79000 40
79000 264
79000 207
79000 337
79000 356
79000 515
79000 522
79000 77
79000 261
79000 559
79000 370
79000 425
79000 381
79000 236
79000 37
79000 89
79000 813
79000 487
79000 262
79000 601
79000 476
79000 276
79000 402
79000 385
79000 160
79000 233
79000 607
79000 506
79000 528
79000 455
79000 278
79000 422
79000 471
79000 339
79000 741
79000 379
79000 299
79000 342
79000 227
79000 387
79000 364
79000 89
79000 477
79000 293
80000 264
80000 123
80000 77
80000 232
80000 94
80000 218
80000 277
80000 583
80000 355
80000 239
80000 438
80000 100
80000 430
80000 515
80000 323
80000 222
80000 178
80000 537
80000 347
80000 278
80000 721
80000 577
80000 467
80000 526
80000 207
80000 361
80000 489
80000 485
80000 435
80000 380
80000 571
80000 229
80000 350
80000 232
80000 320
80000 485
80000 438
80000 343
80000 636
80000 510
80000 384
80000 189
80000 414
80000 469
80000 497
80000 68
80000 294
80000 574
80000 530
80000 286
81000 331
81000 346
81000 122
81000 471
81000 103
81000 78
81000 29
81000 109
81000 195
81000 131
81000 400
81000 40
81000 800
81000 288
81000 312
81000 352
81000 268
81000 438
81000 162
81000 431
81000 695
81000 296
81000 177
81000 224
81000 233
81000 192
81000 332
81000 126
81000 150
81000 184
81000 143
81000 209
81000 589
81000 18
81000 519
81000 265
81000 592
81000 118
81000 142
81000 403
81000 324
81000 226
81000 316
81000 261
81000 415
81000 421
81000 143
81000 517
81000 628
81000 172
82000 762
82000 273
82000 239
82000 152
82000 250
82000 202
82000 192
82000 155
82000 515
82000 399
82000 166
82000 70
82000 344
82000 81
82000 129
82000 542
82000 348
82000 381
82000 641
82000 617
82000 679
82000 256
82000 82
82000 38
82000 224
82000 119
82000 304
82000 207
82000 160
82000 233
82000 402
82000 525
82000 393
82000 534
82000 37
82000 432
82000 127
82000 138
82000 337
82000 551
82000 423
82000 286
82000 336
82000 248
82000 163
82000 484
82000 394
82000 711
82000 397
82000 387
83000 640
83000 152
83000 291
83000 228
83000 400
83000 122
83000 279
83000 324
83000 482
83000 368
83000 420
83000 311
83000 261
83000 579
83000 171
83000 360
83000 754
83000 165
83000 632
83000 170
83000 184
83000 346
83000 478
83000 137
83000 193
83000 192
83000 418
83000 304
83000 360
83000 286
83000 244
83000 284
83000 290
83000 122
83000 114
83000 416
83000 377
83000 228
83000 329
83000 143
83000 20
83000 98
83000 738
83000 642
83000 314
83000 204
83000 203
83000 295
83000 515
83000 269
84000 403
84000 346
84000 188
84000 353
84000 244
84000 449
84000 180
84000 285
84000 900
84000 468
84000 424
84000 474
84000 47
84000 632
84000 225
84000 456
84000 438
84000 194
84000 160
84000 175
84000 644
84000 126
84000 349
84000 293
84000 94
84000 398
84000 230
84000 451
84000 282
84000 338
84000 524
84000 282
84000 171
84000 658
84000 305
84000 456
84000 340
84000 372
84000 802
84000 804
84000 138
84000 299
84000 266
84000 314
84000 165
84000 108
84000 374
84000 369
84000 364
84000 425
85000 424
85000 275
85000 133
85000 322
85000 415
85000 58
85000 343
85000 489
85000 180
85000 388
85000 380
85000 350
85000 424
85000 255
85000 431
85000 651
85000 288
85000 93
85000 383
85000 472
85000 727
85000 210
85000 169
85000 108
85000 294
85000 459
85000 322
85000 479
85000 760
85000 589
85000 600
85000 180
85000 289
85000 201
85000 59
85000 104
85000 920
85000 195
85000 120
85000 251
85000 331
85000 106
85000 303
85000 392
85000 286
85000 383
85000 452
85000 272
85000 176
85000 386
86000 459
86000 775
86000 636
86000 195
86000 424
86000 130
86000 277
86000 336
86000 560
86000 136
86000 574
86000 75
86000 456
86000 964
86000 246
86000 202
86000 431
86000 416
86000 564
86000 165
86000 140
86000 205
86000 389
86000 648
86000 325
86000 296
86000 15
86000 39
86000 66
86000 536
86000 802
86000 326
86000 684
86000 117
86000 606
86000 496
86000 508
86000 334
86000 443
86000 283
86000 363
86000 519
86000 150
86000 909
86000 236
86000 130
86000 851
86000 140
86000 255
86000 160
87000 268
87000 688
87000 301
87000 351
87000 398
87000 88
87000 627
87000 268
87000 291
87000 258
87000 357
87000 132
87000 352
87000 507
87000 293
87000 516
87000 162
87000 492
87000 546
87000 368
87000 277
87000 499
87000 258
87000 385
87000 124
87000 647
87000 167
87000 177
87000 200
87000 257
87000 557
87000 200
87000 390
87000 307
87000 129
87000 330
87000 530
87000 663
87000 477
87000 644
87000 233
87000 686
87000 270
87000 546
87000 276
87000 360
87000 477
87000 286
87000 281
87000 347
88000 537
88000 287
88000 338
88000 618
88000 49
88000 394
88000 332
88000 664
88000 337
88000 498
88000 400
88000 469
88000 673
88000 208
88000 128
88000 815
88000 159
88000 474
88000 281
88000 139
88000 315
88000 343
88000 458
88000 238
88000 363
88000 229
88000 696
88000 469
88000 622
88000 484
88000 181
88000 343
88000 482
88000 365
88000 180
88000 436
88000 187
88000 162
88000 215
88000 174
88000 385
88000 682
88000 270
88000 343
88000 182
88000 269
88000 813
88000 620
88000 420
88000 276
89000 462
89000 605
89000 259
89000 319
89000 508
89000 703
89000 547
89000 187
89000 889
89000 510
89000 167
89000 56
89000 364
89000 588
89000 665
89000 769
89000 529
89000 433
89000 504
89000 605
89000 577
89000 197
89000 632
89000 255
89000 377
89000 766
89000 135
89000 344
89000 86
89000 794
89000 844
89000 407
89000 574
89000 262
89000 402
89000 575
89000 198
89000 294
89000 295
89000 436
89000 580
89000 437
89000 479
89000 538
89000 445
89000 407
89000 351
89000 270
89000 586
89000 139
90000 466
90000 333
90000 194
90000 644
90000 278
90000 161
90000 267
90000 47
90000 104
90000 448
90000 13
90000 201
90000 296
90000 175
90000 327
90000 20
90000 621
90000 486
90000 244
90000 82
90000 127
90000 255
90000 555
90000 483
90000 311
90000 431
90000 480
90000 198
90000 114
90000 387
90000 571
90000 375
90000 320
90000 383
90000 537
90000 372
90000 381
90000 85
90000 269
90000 585
90000 113
90000 197
90000 375
90000 251
90000 367
90000 139
90000 482
90000 221
90000 397
90000 180
91000 470
91000 163
91000 536
91000 344
91000 130
91000 453
91000 505
91000 159
91000 237
91000 134
91000 119
91000 214
91000 260
91000 607
91000 546
91000 326
91000 206
91000 165
91000 324
91000 325
91000 363
91000 110
91000 294
91000 343
91000 151
91000 90
91000 227
91000 285
91000 416
91000 283
91000 751
91000 385
91000 213
91000 275
91000 279
91000 332
91000 84
91000 673
91000 149
91000 339
91000 357
91000 203
91000 264
91000 532
91000 273
91000 111
91000 349
91000 429
91000 329
91000 599
92000 274
92000 686
92000 391
92000 501
92000 516
92000 336
92000 218
92000 196
92000 359
92000 77
92000 20
92000 385
92000 594
92000 269
92000 735
92000 822
92000 171
92000 475
92000 528
92000 417
92000 317
92000 443
92000 329
92000 37
92000 509
92000 234
92000 207
92000 197
92000 152
92000 343
92000 197
92000 339
92000 283
92000 449
92000 649
92000 632
92000 171
92000 351
92000 206
92000 465
92000 131
92000 185
92000 505
92000 429
92000 112
92000 439
92000 169
92000 608
92000 182
92000 622
93000 125
93000 734
93000 275
93000 608
93000 563
93000 565
93000 293
93000 251
93000 403
93000 100
93000 487
93000 361
93000 399
93000 458
93000 368
93000 145
93000 244
93000 742
93000 416
93000 619
93000 290
93000 261
93000 246
93000 644
93000 340
93000 166
93000 306
93000 599
93000 38
93000 607
93000 311
93000 337
93000 307
93000 297
93000 250
93000 282
93000 571
93000 177
93000 86
93000 340
93000 412
93000 198
93000 417
93000 168
93000 28
93000 197
93000 219
93000 265
93000 284
93000 198
94000 262
94000 167
94000 268
94000 476
94000 416
94000 72
94000 748
94000 153
94000 133
94000 288
94000 201
94000 220
94000 401
94000 202
94000 210
94000 381
94000 168
94000 221
94000 482
94000 332
94000 235
94000 257
94000 148
94000 654
94000 493
94000 382
94000 222
94000 103
94000 170
94000 587
94000 397
94000 463
94000 311
94000 360
94000 217
94000 247
94000 236
94000 350
94000 137
94000 217
94000 564
94000 41
94000 592
94000 346
94000 445
94000 157
94000 999
94000 648
94000 74
94000 111
95000 394
95000 784
95000 478
95000 379
95000 443
95000 179
95000 109
95000 434
95000 262
95000 126
95000 608
95000 385
95000 456
95000 296
95000 409
95000 402
95000 961
95000 716
95000 215
95000 203
95000 273
95000 465
95000 259
95000 171
95000 112
95000 340
95000 303
95000 549
95000 99
95000 585
95000 658
95000 354
95000 657
95000 173
95000 691
95000 440
95000 751
95000 160
95000 145
95000 281
95000 185
95000 369
95000 202
95000 511
95000 238
95000 151
95000 118
95000 271
95000 50
95000 301
96000 498
96000 493
96000 282
96000 148
96000 366
96000 629
96000 441
96000 377
96000 811
96000 252
96000 253
96000 216
96000 506
96000 99
96000 239
96000 764
96000 438
96000 369
96000 526
96000 866
96000 137
96000 351
96000 302
96000 489
96000 280
96000 436
96000 704
96000 473
96000 840
96000 429
96000 742
96000 507
96000 154
96000 154
96000 600
96000 571
96000 555
96000 267
96000 774
96000 913
96000 99
96000 317
96000 453
96000 271
96000 735
96000 330
96000 532
96000 133
96000 191
96000 765
97000 502
97000 262
97000 428
97000 250
97000 415
97000 328
97000 312
97000 576
97000 624
97000 270
97000 476
97000 591
97000 550
97000 318
97000 347
97000 226
97000 37
97000 614
97000 454
97000 251
97000 315
97000 409
97000 239
97000 520
97000 291
97000 494
97000 278
97000 550
97000 42
97000 411
97000 769
97000 290
97000 282
97000 272
97000 525
97000 423
97000 281
97000 588
97000 798
97000 136
97000 134
97000 345
97000 130
97000 453
97000 452
97000 249
97000 272
97000 457
97000 219
97000 437
98000 517
98000 267
98000 285
98000 330
98000 414
98000 787
98000 467
98000 456
98000 823
98000 337
98000 684
98000 209
98000 167
98000 500
98000 562
98000 326
98000 170
98000 336
98000 304
98000 284
98000 153
98000 447
98000 269
98000 463
98000 444
98000 588
98000 61
98000 374
98000 203
98000 487
98000 322
98000 511
98000 374
98000 309
98000 204
98000 485
98000 193
98000 254
98000 394
98000 376
98000 811
98000 657
98000 549
98000 812
98000 105
98000 488
98000 241
98000 35
98000 155
98000 604
99000 128
99000 375
99000 409
99000 527
99000 673
99000 414
99000 627
99000 575
99000 613
99000 316
99000 180
99000 212
99000 676
99000 723
99000 291
99000 583
99000 202
99000 315
99000 248
99000 95
99000 778
99000 253
99000 544
99000 519
99000 169
99000 215
99000 402
99000 559
99000 713
99000 283
99000 232
99000 406
99000 189
99000 350
99000 424
99000 283
99000 333
99000 328
99000 179
99000 290
99000 366
99000 185
99000 411
99000 617
99000 830
99000 288
99000 832
99000 351
99000 355
99000 117
100000 904
100000 297
100000 353
100000 564
100000 655
100000 188
100000 220
100000 111
100000 49
100000 421
100000 580
100000 304
100000 320
100000 346
100000 712
100000 365
100000 521
100000 579
100000 669
100000 707
100000 314
100000 685
100000 106
100000 373
100000 467
100000 47
100000 558
100000 589
100000 627
100000 335
100000 616
100000 318
100000 533
100000 366
100000 458
100000 555
100000 218
100000 560
100000 230
100000 268
100000 204
100000 434
100000 274
100000 640
100000 545
100000 432
100000 222
100000 133
100000 470
100000 179
