1000 8175
1000 6643
1000 6932
1000 7228
1000 10250
1000 6448
1000 8225
1000 9131
1000 5550
1000 7978
1000 6495
1000 7557
1000 6689
1000 7197
1000 6148
1000 7495
1000 5839
1000 5453
1000 7011
1000 9557
1000 9594
1000 7173
1000 8196
1000 6532
1000 10138
1000 8992
1000 7822
1000 8643
1000 6127
1000 5605
1000 6849
1000 9542
1000 7145
1000 5481
1000 7119
1000 7967
1000 6713
1000 7051
1000 8584
1000 7100
1000 7290
1000 5974
1000 8406
1000 9620
1000 6685
1000 13584
1000 6623
1000 7797
1000 7605
1000 7301
2000 16413
2000 19792
2000 13478
2000 19733
2000 17448
2000 14560
2000 12871
2000 15318
2000 16541
2000 14349
2000 14795
2000 14633
2000 15978
2000 13843
2000 14627
2000 15979
2000 17294
2000 11932
2000 17624
2000 11153
2000 16043
2000 17846
2000 16414
2000 14092
2000 14274
2000 18182
2000 21176
2000 19283
2000 18689
2000 15936
2000 19728
2000 15174
2000 16709
2000 18260
2000 12914
2000 19905
2000 13971
2000 15037
2000 14722
2000 13025
2000 19927
2000 16026
2000 15472
2000 18521
2000 13795
2000 16003
2000 15002
2000 24799
2000 18170
2000 14949
3000 21413
3000 26308
3000 26542
3000 23988
3000 25919
3000 23123
3000 27758
3000 26773
3000 26276
3000 26239
3000 24237
3000 21823
3000 23635
3000 21561
3000 26771
3000 25004
3000 24783
3000 23098
3000 20786
3000 20303
3000 21750
3000 23058
3000 24214
3000 21804
3000 31276
3000 29649
3000 25636
3000 23095
3000 25626
3000 21305
3000 32662
3000 23469
3000 26427
3000 21128
3000 27589
3000 28422
3000 22515
3000 21997
3000 24809
3000 22957
3000 25691
3000 35179
3000 22365
3000 27512
3000 27262
3000 26497
3000 24676
3000 22968
3000 22528
3000 21266
4000 33858
4000 30554
4000 38245
4000 37956
4000 34202
4000 31559
4000 35673
4000 33822
4000 36342
4000 33848
4000 43080
4000 35327
4000 37288
4000 39917
4000 32941
4000 30601
4000 40979
4000 36104
4000 32106
4000 36580
4000 31951
4000 29900
4000 32864
4000 30083
4000 42218
4000 31544
4000 32278
4000 46683
4000 29512
4000 33046
4000 44551
4000 35760
4000 29058
4000 34787
4000 30533
4000 41873
4000 33801
4000 36666
4000 36189
4000 36798
4000 34248
4000 38516
4000 40608
4000 28189
4000 31399
4000 28063
4000 37197
4000 42473
4000 38711
4000 34984
5000 39035
5000 47370
5000 45853
5000 42970
5000 48032
5000 62823
5000 39565
5000 42449
5000 46513
5000 54679
5000 42878
5000 57524
5000 51798
5000 41625
5000 38024
5000 39599
5000 38477
5000 38050
5000 43306
5000 54870
5000 44394
5000 38589
5000 44575
5000 36896
5000 43442
5000 42859
5000 44366
5000 38239
5000 50360
5000 48752
5000 42958
5000 43355
5000 38097
5000 37966
5000 46259
5000 49656
5000 43482
5000 36149
5000 40791
5000 55606
5000 40987
5000 58973
5000 40757
5000 42738
5000 43418
5000 37360
5000 41200
5000 46365
5000 43033
5000 49986
6000 49190
6000 51291
6000 53602
6000 54405
6000 46912
6000 62395
6000 44213
6000 53120
6000 54139
6000 59110
6000 48251
6000 66036
6000 52358
6000 52006
6000 55222
6000 58301
6000 50856
6000 48004
6000 60598
6000 70127
6000 51320
6000 67974
6000 59254
6000 66166
6000 52433
6000 60239
6000 49356
6000 63740
6000 48629
6000 44992
6000 46825
6000 51866
6000 54803
6000 54614
6000 53333
6000 54376
6000 53822
6000 62031
6000 73485
6000 58491
6000 68995
6000 59509
6000 53324
6000 49516
6000 66098
6000 49718
6000 61152
6000 49594
6000 57612
6000 61659
7000 66970
7000 65866
7000 64052
7000 86282
7000 70359
7000 66527
7000 85378
7000 68425
7000 72768
7000 58380
7000 71631
7000 66900
7000 71929
7000 66066
7000 56806
7000 70310
7000 66283
7000 73415
7000 64547
7000 70081
7000 65561
7000 54875
7000 59086
7000 66494
7000 64760
7000 66707
7000 66855
7000 60853
7000 82516
7000 70045
7000 71458
7000 69832
7000 59375
7000 64893
7000 68342
7000 77333
7000 56790
7000 59785
7000 70683
7000 56714
7000 72514
7000 74028
7000 72604
7000 58836
7000 74487
7000 56253
7000 66077
7000 52409
7000 55986
7000 77943
8000 86905
8000 73729
8000 93369
8000 68909
8000 134588
8000 75917
8000 74346
8000 87756
8000 78461
8000 72067
8000 78488
8000 71434
8000 100132
8000 78612
8000 66313
8000 80587
8000 82546
8000 63712
8000 67340
8000 72437
8000 63242
8000 73544
8000 69858
8000 84114
8000 88559
8000 75072
8000 74235
8000 78552
8000 83938
8000 71835
8000 77173
8000 73615
8000 97922
8000 69759
8000 76066
8000 91226
8000 117561
8000 64287
8000 67917
8000 79211
8000 68989
8000 64723
8000 80892
8000 90523
8000 69289
8000 60056
8000 84250
8000 79890
8000 75818
8000 56094
9000 89392
9000 103986
9000 81687
9000 73701
9000 74279
9000 99235
9000 90815
9000 81603
9000 86546
9000 95453
9000 91652
9000 90511
9000 85773
9000 97628
9000 77995
9000 86498
9000 91906
9000 76623
9000 74030
9000 82692
9000 83120
9000 76693
9000 101737
9000 91720
9000 76807
9000 104649
9000 80483
9000 91552
9000 85696
9000 93061
9000 83575
9000 70580
9000 75148
9000 99400
9000 90059
9000 97445
9000 86306
9000 85799
9000 99913
9000 94793
9000 104396
9000 110515
9000 86203
9000 80645
9000 72567
9000 89231
9000 83349
9000 89649
9000 81935
9000 91524
10000 112914
10000 87576
10000 97792
10000 81243
10000 85307
10000 109383
10000 93849
10000 87167
10000 99415
10000 109284
10000 88800
10000 93888
10000 103687
10000 81743
10000 118257
10000 92400
10000 81815
10000 98725
10000 97935
10000 100408
10000 112767
10000 88637
10000 86014
10000 90331
10000 84071
10000 108790
10000 118790
10000 88494
10000 155906
10000 92877
10000 103795
10000 91814
10000 99908
10000 82649
10000 98967
10000 89802
10000 123651
10000 82380
10000 91772
10000 99418
10000 95251
10000 98851
10000 86382
10000 104297
10000 85999
10000 120107
10000 88635
10000 84376
10000 108400
10000 87601
11000 101048
11000 140620
11000 121094
11000 101599
11000 111033
11000 99729
11000 115864
11000 135560
11000 100020
11000 92428
11000 107773
11000 117007
11000 93331
11000 106937
11000 109877
11000 107761
11000 97297
11000 132524
11000 116549
11000 105527
11000 107898
11000 85481
11000 104739
11000 135587
11000 111539
11000 98374
11000 113953
11000 107319
11000 103591
11000 100243
11000 95509
11000 86936
11000 108341
11000 100092
11000 114157
11000 119429
11000 99135
11000 94002
11000 100179
11000 100293
11000 109321
11000 94640
11000 90585
11000 92802
11000 136752
11000 101677
11000 96133
11000 100544
11000 100745
11000 103884
12000 103547
12000 100904
12000 106706
12000 121208
12000 108145
12000 132947
12000 120057
12000 112257
12000 101420
12000 103026
12000 195438
12000 144117
12000 118329
12000 122631
12000 126880
12000 113432
12000 104722
12000 146912
12000 124735
12000 115085
12000 124274
12000 116133
12000 109937
12000 111578
12000 125225
12000 154457
12000 125711
12000 152618
12000 108226
12000 122887
12000 107483
12000 105376
12000 111646
12000 125813
12000 132636
12000 140310
12000 124579
12000 114497
12000 114344
12000 133684
12000 122805
12000 125569
12000 136689
12000 130496
12000 129131
12000 127336
12000 126322
12000 124909
12000 120689
12000 139116
13000 154877
13000 160252
13000 114952
13000 106086
13000 123250
13000 131171
13000 142090
13000 165151
13000 122163
13000 166075
13000 133075
13000 152029
13000 111188
13000 118907
13000 130959
13000 134268
13000 107501
13000 134780
13000 137815
13000 109704
13000 133318
13000 135590
13000 130906
13000 117991
13000 113578
13000 109945
13000 109207
13000 128237
13000 131472
13000 180823
13000 116076
13000 123140
13000 120769
13000 109019
13000 136489
13000 123082
13000 147949
13000 107721
13000 123968
13000 151648
13000 141695
13000 124203
13000 121354
13000 104736
13000 133258
13000 137073
13000 136079
13000 141947
13000 111567
13000 127899
14000 164210
14000 153738
14000 113765
14000 136526
14000 163795
14000 134160
14000 141224
14000 126099
14000 154156
14000 134362
14000 123275
14000 143454
14000 147914
14000 137197
14000 138428
14000 130893
14000 136276
14000 189017
14000 145807
14000 127477
14000 149483
14000 144762
14000 168165
14000 197197
14000 119640
14000 128910
14000 148681
14000 164380
14000 149863
14000 143282
14000 174131
14000 138828
14000 138235
14000 143740
14000 114372
14000 148008
14000 115558
14000 139883
14000 133264
14000 139102
14000 141922
14000 130729
14000 136025
14000 147728
14000 139163
14000 156568
14000 133138
14000 143017
14000 146257
14000 137588
15000 135325
15000 159682
15000 159546
15000 131951
15000 146936
15000 184759
15000 149644
15000 128502
15000 180212
15000 123510
15000 129923
15000 157203
15000 148439
15000 153031
15000 161748
15000 162600
15000 159918
15000 203854
15000 137393
15000 135688
15000 168768
15000 167006
15000 189270
15000 137391
15000 135568
15000 162587
15000 162069
15000 146215
15000 170548
15000 155235
15000 142339
15000 169503
15000 134313
15000 137344
15000 182454
15000 149261
15000 182566
15000 161242
15000 185463
15000 127271
15000 159259
15000 169073
15000 151556
15000 147746
15000 176500
15000 150151
15000 145906
15000 134336
15000 149407
15000 143324
16000 160381
16000 195410
16000 134214
16000 147460
16000 154423
16000 167933
16000 168769
16000 204699
16000 134866
16000 195769
16000 147891
16000 208972
16000 167061
16000 152805
16000 165573
16000 153427
16000 150322
16000 171637
16000 144909
16000 179751
16000 180584
16000 163044
16000 179793
16000 161687
16000 150521
16000 155645
16000 152947
16000 157097
16000 156918
16000 188941
16000 179077
16000 137557
16000 145426
16000 160027
16000 190329
16000 170890
16000 167966
16000 176969
16000 180874
16000 158788
16000 185573
16000 152110
16000 130547
16000 178596
16000 140930
16000 154580
16000 189385
16000 173828
16000 138612
16000 194560
17000 166104
17000 206163
17000 148893
17000 176168
17000 190260
17000 188508
17000 164918
17000 193951
17000 158365
17000 181320
17000 192298
17000 156258
17000 185049
17000 142682
17000 173890
17000 161580
17000 195125
17000 172146
17000 222610
17000 145896
17000 173238
17000 164182
17000 155395
17000 168822
17000 168476
17000 151599
17000 180225
17000 156550
17000 205347
17000 174030
17000 170241
17000 152789
17000 157240
17000 168984
17000 156821
17000 177357
17000 164753
17000 164801
17000 200412
17000 179466
17000 142826
17000 184624
17000 165118
17000 170993
17000 150938
17000 166599
17000 147140
17000 145848
17000 160701
17000 170971
18000 185633
18000 173738
18000 221848
18000 169802
18000 234688
18000 198508
18000 169341
18000 210511
18000 167417
18000 200018
18000 174451
18000 197952
18000 215292
18000 164643
18000 168024
18000 189244
18000 200797
18000 198191
18000 207472
18000 233990
18000 185684
18000 195992
18000 164720
18000 178489
18000 178407
18000 170338
18000 216426
18000 202985
18000 153168
18000 163924
18000 196166
18000 157572
18000 208736
18000 235589
18000 196534
18000 189647
18000 180922
18000 170149
18000 214794
18000 218029
18000 224961
18000 202221
18000 215508
18000 213240
18000 188184
18000 193815
18000 210780
18000 204226
18000 187167
18000 172710
19000 183950
19000 165258
19000 194778
19000 186909
19000 185618
19000 179877
19000 219710
19000 186779
19000 207124
19000 214389
19000 176604
19000 255250
19000 223276
19000 191079
19000 176720
19000 196468
19000 190738
19000 196336
19000 181968
19000 209625
19000 209892
19000 181216
19000 211661
19000 178091
19000 199241
19000 176279
19000 176986
19000 183917
19000 180024
19000 185892
19000 208128
19000 160304
19000 179520
19000 230825
19000 220915
19000 180119
19000 209175
19000 191812
19000 250518
19000 192651
19000 211411
19000 160160
19000 230730
19000 212599
19000 204648
19000 191120
19000 221886
19000 198815
19000 195467
19000 264800
20000 194019
20000 242990
20000 184788
20000 187765
20000 208977
20000 206006
20000 207850
20000 213188
20000 194804
20000 198721
20000 215127
20000 208102
20000 193769
20000 183932
20000 228334
20000 193883
20000 177848
20000 213054
20000 193441
20000 183020
20000 197259
20000 232690
20000 208961
20000 198891
20000 210918
20000 198831
20000 262844
20000 215300
20000 199586
20000 202228
20000 216233
20000 199162
20000 180827
20000 217196
20000 173843
20000 197780
20000 186743
20000 201329
20000 208774
20000 198904
20000 215713
20000 211631
20000 193576
20000 198245
20000 190701
20000 226848
20000 213265
20000 253013
20000 186783
20000 215262
21000 201230
21000 204513
21000 189415
21000 251481
21000 191153
21000 204056
21000 205561
21000 236683
21000 185027
21000 275362
21000 207615
21000 256370
21000 235752
21000 208041
21000 290283
21000 230184
21000 204015
21000 201733
21000 215779
21000 194057
21000 223928
21000 207179
21000 185247
21000 200810
21000 203261
21000 252252
21000 198397
21000 195519
21000 214713
21000 229505
21000 239360
21000 297528
21000 211764
21000 202598
21000 207048
21000 217361
21000 226727
21000 193010
21000 203194
21000 191711
21000 229868
21000 234867
21000 204873
21000 235648
21000 238761
21000 204823
21000 213269
21000 293805
21000 264548
21000 295560
22000 233629
22000 212535
22000 208325
22000 225055
22000 296525
22000 202276
22000 212642
22000 216591
22000 213037
22000 224986
22000 233206
22000 196827
22000 223227
22000 192902
22000 211032
22000 210479
22000 192128
22000 194470
22000 217737
22000 196871
22000 253539
22000 213035
22000 206954
22000 274321
22000 260929
22000 212246
22000 219277
22000 249516
22000 249696
22000 202819
22000 224652
22000 235083
22000 241016
22000 196044
22000 194556
22000 251918
22000 233611
22000 260298
22000 260859
22000 265736
22000 225100
22000 264137
22000 233016
22000 203868
22000 215097
22000 217018
22000 216558
22000 194624
22000 251182
22000 199115
23000 225854
23000 262150
23000 253671
23000 247902
23000 272756
23000 242795
23000 247246
23000 299040
23000 231149
23000 229688
23000 248468
23000 309048
23000 254290
23000 232088
23000 226566
23000 231851
23000 208247
23000 229022
23000 238320
23000 239718
23000 333255
23000 208209
23000 241948
23000 208709
23000 261394
23000 232808
23000 304518
23000 234857
23000 227792
23000 195041
23000 285348
23000 278287
23000 197112
23000 238198
23000 188494
23000 265210
23000 255622
23000 221423
23000 268707
23000 263785
23000 220887
23000 313254
23000 236347
23000 260309
23000 213460
23000 235858
23000 264847
23000 209258
23000 262981
23000 245336
24000 247158
24000 215891
24000 237576
24000 278074
24000 254455
24000 327221
24000 253838
24000 235441
24000 272423
24000 233383
24000 303974
24000 297310
24000 217274
24000 272535
24000 265241
24000 256918
24000 386794
24000 288705
24000 249566
24000 251082
24000 267739
24000 212736
24000 272877
24000 239609
24000 225716
24000 248333
24000 246970
24000 239249
24000 242732
24000 285928
24000 246137
24000 234135
24000 225656
24000 305567
24000 228442
24000 258951
24000 286905
24000 240595
24000 255412
24000 312048
24000 244599
24000 240063
24000 236854
24000 300128
24000 243730
24000 259159
24000 273542
24000 349788
24000 231323
24000 234239
25000 259823
25000 218126
25000 294640
25000 297378
25000 333074
25000 239661
25000 271873
25000 213363
25000 239709
25000 235404
25000 277530
25000 367881
25000 241121
25000 265250
25000 298436
25000 232938
25000 318846
25000 311465
25000 262361
25000 286690
25000 240219
25000 238863
25000 260442
25000 257225
25000 265314
25000 276211
25000 268258
25000 292866
25000 350669
25000 256849
25000 342426
25000 300787
25000 238411
25000 235960
25000 248056
25000 232375
25000 255821
25000 246149
25000 253884
25000 287393
25000 236621
25000 339976
25000 255151
25000 284726
25000 349448
25000 248474
25000 217226
25000 296073
25000 295297
25000 285803
26000 392801
26000 306370
26000 297361
26000 227224
26000 253970
26000 240005
26000 270317
26000 355906
26000 332868
26000 303721
26000 294510
26000 248596
26000 368365
26000 289179
26000 256746
26000 231029
26000 238317
26000 326954
26000 331519
26000 305528
26000 271624
26000 248536
26000 396399
26000 245014
26000 269003
26000 282814
26000 260005
26000 279932
26000 248456
26000 307187
26000 262549
26000 277593
26000 252971
26000 269129
26000 257679
26000 302700
26000 332360
26000 293521
26000 295726
26000 268252
26000 287178
26000 304656
26000 353834
26000 314955
26000 250965
26000 272131
26000 253556
26000 316804
26000 252112
26000 342093
27000 370602
27000 314468
27000 306486
27000 264528
27000 298604
27000 282130
27000 266586
27000 282605
27000 263162
27000 250927
27000 253518
27000 276569
27000 291954
27000 256853
27000 316182
27000 291411
27000 257676
27000 287217
27000 293276
27000 259924
27000 292410
27000 334485
27000 256616
27000 305177
27000 289710
27000 261723
27000 236155
27000 287077
27000 279505
27000 258568
27000 280574
27000 257383
27000 378180
27000 284282
27000 280591
27000 308120
27000 245211
27000 260699
27000 274222
27000 259188
27000 262531
27000 250751
27000 320626
27000 282474
27000 302498
27000 259330
27000 269060
27000 255896
27000 295288
27000 362367
28000 384295
28000 326159
28000 313644
28000 291378
28000 286836
28000 268182
28000 317617
28000 284307
28000 318679
28000 267364
28000 298948
28000 339852
28000 343837
28000 401219
28000 342693
28000 288671
28000 353275
28000 294617
28000 319461
28000 347549
28000 254932
28000 266360
28000 302030
28000 312582
28000 299421
28000 274597
28000 265592
28000 274505
28000 305596
28000 328252
28000 298941
28000 270579
28000 340158
28000 347846
28000 316267
28000 269521
28000 301579
28000 316314
28000 294259
28000 329388
28000 310413
28000 316923
28000 278175
28000 318787
28000 267629
28000 396809
28000 353045
28000 306405
28000 259312
28000 272068
29000 350526
29000 337785
29000 341189
29000 326345
29000 353783
29000 300304
29000 294573
29000 300544
29000 322352
29000 304087
29000 298370
29000 278190
29000 282915
29000 263348
29000 315925
29000 290309
29000 301313
29000 345528
29000 313760
29000 303772
29000 299924
29000 304293
29000 343813
29000 277521
29000 333639
29000 323595
29000 253775
29000 339636
29000 397163
29000 356810
29000 358095
29000 309753
29000 287547
29000 272830
29000 306597
29000 338003
29000 316348
29000 349718
29000 309342
29000 295475
29000 308945
29000 296996
29000 305661
29000 399523
29000 281039
29000 279241
29000 300049
29000 295000
29000 292477
29000 288612
30000 390786
30000 308161
30000 317440
30000 366479
30000 332479
30000 343023
30000 304178
30000 273627
30000 334222
30000 288739
30000 326779
30000 297875
30000 329128
30000 383891
30000 288815
30000 346689
30000 299584
30000 331185
30000 329513
30000 388407
30000 288459
30000 298966
30000 369229
30000 316878
30000 267124
30000 421641
30000 305827
30000 275737
30000 305508
30000 297339
30000 422065
30000 336987
30000 342150
30000 385392
30000 311351
30000 453113
30000 327407
30000 363460
30000 294509
30000 316460
30000 347978
30000 377945
30000 312829
30000 328105
30000 302122
30000 331209
30000 338340
30000 383940
30000 295553
30000 338015
31000 304697
31000 405375
31000 283058
31000 370478
31000 465873
31000 298746
31000 325728
31000 400911
31000 321617
31000 344945
31000 401113
31000 362032
31000 355295
31000 376986
31000 337777
31000 327372
31000 398678
31000 374467
31000 377017
31000 318692
31000 281220
31000 283400
31000 313037
31000 316208
31000 386675
31000 358030
31000 293525
31000 314054
31000 346716
31000 299753
31000 291490
31000 314943
31000 276796
31000 278402
31000 300769
31000 358305
31000 371066
31000 353890
31000 270436
31000 311625
31000 321017
31000 323281
31000 290979
31000 302318
31000 415908
31000 318424
31000 333537
31000 409136
31000 383443
31000 302784
32000 352437
32000 317847
32000 311598
32000 293897
32000 364519
32000 298519
32000 294689
32000 355502
32000 337094
32000 392732
32000 350673
32000 357274
32000 370060
32000 402288
32000 328513
32000 383932
32000 351819
32000 343254
32000 355065
32000 388280
32000 304973
32000 301176
32000 380529
32000 292994
32000 421880
32000 371399
32000 334656
32000 344584
32000 314874
32000 332515
32000 393617
32000 347684
32000 296078
32000 414694
32000 355663
32000 330294
32000 461980
32000 315850
32000 352027
32000 349732
32000 326861
32000 320563
32000 384698
32000 280972
32000 385061
32000 447298
32000 393765
32000 352552
32000 364409
32000 381940
33000 346280
33000 373346
33000 355977
33000 347319
33000 384725
33000 340523
33000 332820
33000 316367
33000 387924
33000 348661
33000 406213
33000 358201
33000 408405
33000 392720
33000 336010
33000 337893
33000 362560
33000 380781
33000 379383
33000 329021
33000 312395
33000 392613
33000 333849
33000 367228
33000 307514
33000 361485
33000 372317
33000 310920
33000 364033
33000 363209
33000 345727
33000 414881
33000 308635
33000 377595
33000 346528
33000 358444
33000 330990
33000 319519
33000 317301
33000 307509
33000 368300
33000 322911
33000 367881
33000 362042
33000 420779
33000 406546
33000 410207
33000 310940
33000 326710
33000 376198
34000 409791
34000 436137
34000 353566
34000 338076
34000 377015
34000 372629
34000 395211
34000 343494
34000 345665
34000 359313
34000 352100
34000 398925
34000 428950
34000 366033
34000 368301
34000 359609
34000 358863
34000 410134
34000 367829
34000 451756
34000 372322
34000 385386
34000 335081
34000 404334
34000 368795
34000 500792
34000 474788
34000 324114
34000 430892
34000 361768
34000 390338
34000 418576
34000 366724
34000 397049
34000 337488
34000 447494
34000 359510
34000 441326
34000 332736
34000 367326
34000 361483
34000 433934
34000 361028
34000 358098
34000 362789
34000 324582
34000 336921
34000 374462
34000 452215
34000 337925
35000 369391
35000 375460
35000 470212
35000 377926
35000 410750
35000 437492
35000 342472
35000 501883
35000 460804
35000 389690
35000 400834
35000 373956
35000 355275
35000 404272
35000 382259
35000 352258
35000 485154
35000 398164
35000 398243
35000 395348
35000 431466
35000 373660
35000 473425
35000 373267
35000 374643
35000 364603
35000 439752
35000 425155
35000 340004
35000 359361
35000 326942
35000 396654
35000 395598
35000 401927
35000 389518
35000 352385
35000 377550
35000 377683
35000 310099
35000 403869
35000 344683
35000 421004
35000 419114
35000 414423
35000 368433
35000 470456
35000 457398
35000 396456
35000 349424
35000 347296
36000 334199
36000 424191
36000 481562
36000 422636
36000 418382
36000 335574
36000 429564
36000 328315
36000 399906
36000 392735
36000 410838
36000 365526
36000 436731
36000 370196
36000 359661
36000 320791
36000 360808
36000 359411
36000 396693
36000 414692
36000 334040
36000 378920
36000 361133
36000 330358
36000 396504
36000 360364
36000 341585
36000 328520
36000 375014
36000 355350
36000 463159
36000 366988
36000 331101
36000 392010
36000 357125
36000 380806
36000 366408
36000 336812
36000 425274
36000 337105
36000 369947
36000 357352
36000 475427
36000 432121
36000 400796
36000 347517
36000 435646
36000 397562
36000 395281
36000 346241
37000 445569
37000 392115
37000 375250
37000 381367
37000 340656
37000 410092
37000 403515
37000 332973
37000 385606
37000 429608
37000 435085
37000 385523
37000 448455
37000 365424
37000 377825
37000 421116
37000 490141
37000 397651
37000 446171
37000 482094
37000 359075
37000 411725
37000 395406
37000 374190
37000 464962
37000 510136
37000 384337
37000 394871
37000 372729
37000 365379
37000 351081
37000 416735
37000 457234
37000 345306
37000 410534
37000 502242
37000 392710
37000 524008
37000 349017
37000 492317
37000 426259
37000 491324
37000 356021
37000 425671
37000 368357
37000 380925
37000 381154
37000 455742
37000 412159
37000 371420
38000 403113
38000 366881
38000 490808
38000 366281
38000 333178
38000 394888
38000 435353
38000 394203
38000 389254
38000 451140
38000 411666
38000 405087
38000 433295
38000 500721
38000 375610
38000 375486
38000 441569
38000 527954
38000 471449
38000 373638
38000 363193
38000 352649
38000 393817
38000 440398
38000 493586
38000 509842
38000 362721
38000 400863
38000 382091
38000 371089
38000 447068
38000 468253
38000 386020
38000 372169
38000 452560
38000 361560
38000 436025
38000 541283
38000 498821
38000 483069
38000 400297
38000 425651
38000 426252
38000 490576
38000 378865
38000 397444
38000 380986
38000 381576
38000 423085
38000 489515
39000 445387
39000 488147
39000 428615
39000 474865
39000 430428
39000 423258
39000 419077
39000 388991
39000 442694
39000 394682
39000 419154
39000 398654
39000 506175
39000 398286
39000 393559
39000 438071
39000 426705
39000 408715
39000 376116
39000 452750
39000 429052
39000 414037
39000 429597
39000 456865
39000 455863
39000 426649
39000 468290
39000 436777
39000 345996
39000 449629
39000 443167
39000 439974
39000 438832
39000 402381
39000 454217
39000 433264
39000 432611
39000 360880
39000 384495
39000 371304
39000 426216
39000 472946
39000 414548
39000 528619
39000 419110
39000 362955
39000 454890
39000 382397
39000 375158
39000 496624
40000 411131
40000 414464
40000 446209
40000 416432
40000 401282
40000 432992
40000 435209
40000 422655
40000 441987
40000 455316
40000 553765
40000 501583
40000 417438
40000 447254
40000 436893
40000 435282
40000 540461
40000 421383
40000 396381
40000 378914
40000 451454
40000 498631
40000 509210
40000 420388
40000 427030
40000 417007
40000 381585
40000 498238
40000 408965
40000 448785
40000 497890
40000 462710
40000 481369
40000 438654
40000 436554
40000 484932
40000 426664
40000 418139
40000 526259
40000 442797
40000 380600
40000 384577
40000 406949
40000 428907
40000 396213
40000 380313
40000 442557
40000 402021
40000 440431
40000 462042
41000 496403
41000 415380
41000 420448
41000 450571
41000 496766
41000 488363
41000 446135
41000 417324
41000 486753
41000 433624
41000 442812
41000 452951
41000 513583
41000 453341
41000 424701
41000 430888
41000 487031
41000 383977
41000 443331
41000 441708
41000 460131
41000 466830
41000 622306
41000 492205
41000 414569
41000 373936
41000 531577
41000 470266
41000 404360
41000 432991
41000 484586
41000 492182
41000 417254
41000 455798
41000 408599
41000 543458
41000 558445
41000 389763
41000 544797
41000 483700
41000 441049
41000 458164
41000 473343
41000 456933
41000 473265
41000 461594
41000 444635
41000 485565
41000 490542
41000 459845
42000 430875
42000 506929
42000 598325
42000 484825
42000 458245
42000 459097
42000 464057
42000 424227
42000 438192
42000 505218
42000 488119
42000 503748
42000 474665
42000 467243
42000 508822
42000 476453
42000 447822
42000 514536
42000 453098
42000 439362
42000 477296
42000 590937
42000 512781
42000 420743
42000 564785
42000 397894
42000 459768
42000 504982
42000 479922
42000 480732
42000 458966
42000 421106
42000 543345
42000 419855
42000 485062
42000 693122
42000 423870
42000 430968
42000 493360
42000 464211
42000 465773
42000 741080
42000 482300
42000 444861
42000 527021
42000 447145
42000 466499
42000 441249
42000 492080
42000 530069
43000 452573
43000 392946
43000 467609
43000 518461
43000 527884
43000 496157
43000 445080
43000 539413
43000 450767
43000 457180
43000 483739
43000 447145
43000 441267
43000 431393
43000 477464
43000 653050
43000 429399
43000 506846
43000 548707
43000 510041
43000 454224
43000 461652
43000 441947
43000 467028
43000 685122
43000 414895
43000 463868
43000 476980
43000 656767
43000 492808
43000 540282
43000 428734
43000 510104
43000 453179
43000 485741
43000 429649
43000 591942
43000 464629
43000 484616
43000 540831
43000 488263
43000 499965
43000 440911
43000 499794
43000 473928
43000 400193
43000 453176
43000 458701
43000 439308
43000 576203
44000 481434
44000 530926
44000 484030
44000 462612
44000 442572
44000 452329
44000 482086
44000 490617
44000 498937
44000 498961
44000 563698
44000 432253
44000 492562
44000 479032
44000 448153
44000 449843
44000 452726
44000 425678
44000 449698
44000 472524
44000 506723
44000 508465
44000 513560
44000 596877
44000 480035
44000 463638
44000 461678
44000 461673
44000 534160
44000 427592
44000 448236
44000 571526
44000 415289
44000 444935
44000 445852
44000 605661
44000 467260
44000 469027
44000 481554
44000 426226
44000 564767
44000 544926
44000 417823
44000 474539
44000 478503
44000 441798
44000 539745
44000 469083
44000 473144
44000 541784
45000 544090
45000 568074
45000 589098
45000 547521
45000 499381
45000 581710
45000 596201
45000 450931
45000 544419
45000 519704
45000 505964
45000 535457
45000 582785
45000 495295
45000 490535
45000 459531
45000 569752
45000 447205
45000 443755
45000 593351
45000 508015
45000 527694
45000 517409
45000 496030
45000 460103
45000 528616
45000 440465
45000 528560
45000 494952
45000 460480
45000 644273
45000 457251
45000 456013
45000 478519
45000 580581
45000 501163
45000 503642
45000 482941
45000 480858
45000 575810
45000 482911
45000 751442
45000 437413
45000 507533
45000 579351
45000 465555
45000 550552
45000 539259
45000 496674
45000 489846
46000 562096
46000 541362
46000 660993
46000 464458
46000 677562
46000 420079
46000 545618
46000 542646
46000 637495
46000 543796
46000 501757
46000 550473
46000 595916
46000 468347
46000 521799
46000 496854
46000 515506
46000 492854
46000 467568
46000 468554
46000 488230
46000 553239
46000 501488
46000 521798
46000 447414
46000 504874
46000 509904
46000 582782
46000 583669
46000 529609
46000 486982
46000 589648
46000 633319
46000 560339
46000 536662
46000 638503
46000 503808
46000 468001
46000 499256
46000 475518
46000 560655
46000 518180
46000 515464
46000 512565
46000 511574
46000 475294
46000 440445
46000 514875
46000 476463
46000 525617
47000 574128
47000 519715
47000 560724
47000 491278
47000 571297
47000 536955
47000 568806
47000 490838
47000 460272
47000 578827
47000 458969
47000 600707
47000 515897
47000 524738
47000 531790
47000 527233
47000 468783
47000 541023
47000 528154
47000 492047
47000 524630
47000 565093
47000 488464
47000 531084
47000 665277
47000 481966
47000 549542
47000 565439
47000 493029
47000 483115
47000 544535
47000 521565
47000 595173
47000 505348
47000 497325
47000 614458
47000 552831
47000 479104
47000 560083
47000 507948
47000 546372
47000 606224
47000 554479
47000 503053
47000 553182
47000 558351
47000 484354
47000 508610
47000 549164
47000 530519
48000 500916
48000 473920
48000 684184
48000 662117
48000 508087
48000 540569
48000 523440
48000 597982
48000 567799
48000 526959
48000 518735
48000 568990
48000 518587
48000 484531
48000 525358
48000 475172
48000 594902
48000 511343
48000 482130
48000 482890
48000 560954
48000 499858
48000 541001
48000 610910
48000 497685
48000 575846
48000 530947
48000 536636
48000 494037
48000 562892
48000 520584
48000 635017
48000 486458
48000 501743
48000 518203
48000 557029
48000 557290
48000 609021
48000 527776
48000 497838
48000 711362
48000 552471
48000 476944
48000 516943
48000 605271
48000 519335
48000 583276
48000 555421
48000 560487
48000 549297
49000 670527
49000 623592
49000 511513
49000 621287
49000 509796
49000 530903
49000 506079
49000 600590
49000 503443
49000 520965
49000 508284
49000 548593
49000 540917
49000 503894
49000 627621
49000 493334
49000 624117
49000 692943
49000 565103
49000 597095
49000 628007
49000 793007
49000 459676
49000 498552
49000 574654
49000 473465
49000 773102
49000 532211
49000 672408
49000 574608
49000 577073
49000 564345
49000 504331
49000 626434
49000 510645
49000 566503
49000 679140
49000 731713
49000 534037
49000 646538
49000 493092
49000 485977
49000 700338
49000 568759
49000 614346
49000 557125
49000 467892
49000 478058
49000 591479
49000 637668
50000 555164
50000 479304
50000 562351
50000 492993
50000 616639
50000 540697
50000 521499
50000 629584
50000 519870
50000 573787
50000 617548
50000 557707
50000 626450
50000 557208
50000 474434
50000 509886
50000 751950
50000 559785
50000 533511
50000 580958
50000 609507
50000 584497
50000 578228
50000 533669
50000 545650
50000 728397
50000 504677
50000 524563
50000 484398
50000 531972
50000 524568
50000 560418
50000 552836
50000 647431
50000 541702
50000 594780
50000 604139
50000 552861
50000 664526
50000 593149
50000 546903
50000 557789
50000 592263
50000 523339
50000 591858
50000 544563
50000 552801
50000 596365
50000 639212
50000 641221
51000 616558
51000 547278
51000 522057
51000 640954
51000 606672
51000 530022
51000 546616
51000 615779
51000 601180
51000 544834
51000 614738
51000 520388
51000 530845
51000 541896
51000 596105
51000 524658
51000 603617
51000 538970
51000 677924
51000 559514
51000 503571
51000 535370
51000 545007
51000 617376
51000 552724
51000 576632
51000 565226
51000 654434
51000 551676
51000 606342
51000 570262
51000 570154
51000 521870
51000 487068
51000 585532
51000 513324
51000 662998
51000 579628
51000 538648
51000 605316
51000 581853
51000 644348
51000 500893
51000 611810
51000 629948
51000 506262
51000 576925
51000 583330
51000 559957
51000 527040
52000 533462
52000 648444
52000 626258
52000 594925
52000 553019
52000 603876
52000 549817
52000 503154
52000 744239
52000 506599
52000 593624
52000 548968
52000 769032
52000 575591
52000 632040
52000 547258
52000 537391
52000 508697
52000 540061
52000 586555
52000 513187
52000 629941
52000 554883
52000 706374
52000 636446
52000 571614
52000 559644
52000 667723
52000 689523
52000 602788
52000 525224
52000 520836
52000 528309
52000 593741
52000 498858
52000 640354
52000 529346
52000 602344
52000 589145
52000 551137
52000 695855
52000 670024
52000 522547
52000 594608
52000 514825
52000 622741
52000 563739
52000 587230
52000 691160
52000 674947
53000 569786
53000 571390
53000 540633
53000 581720
53000 568432
53000 550417
53000 578495
53000 574513
53000 583008
53000 546500
53000 580159
53000 651692
53000 604763
53000 597548
53000 562586
53000 613965
53000 543396
53000 665786
53000 561609
53000 588657
53000 545141
53000 534703
53000 623888
53000 574141
53000 488549
53000 548818
53000 567866
53000 576335
53000 536831
53000 568181
53000 508605
53000 611430
53000 564481
53000 650536
53000 716929
53000 618640
53000 631663
53000 536152
53000 723346
53000 593538
53000 641261
53000 561869
53000 547826
53000 633802
53000 530422
53000 550811
53000 697717
53000 502542
53000 685719
53000 615886
54000 599411
54000 642498
54000 715034
54000 597317
54000 626877
54000 544421
54000 593091
54000 519750
54000 552032
54000 668345
54000 607246
54000 615335
54000 526811
54000 575121
54000 680187
54000 636736
54000 636717
54000 579683
54000 541843
54000 597717
54000 649326
54000 578634
54000 554353
54000 548392
54000 536760
54000 556065
54000 660854
54000 587842
54000 678837
54000 657815
54000 626284
54000 621557
54000 641110
54000 582660
54000 527311
54000 607042
54000 621296
54000 818891
54000 598663
54000 648622
54000 614126
54000 583678
54000 676630
54000 809630
54000 714441
54000 544514
54000 671852
54000 822676
54000 596242
54000 629024
55000 572154
55000 696436
55000 650340
55000 614596
55000 773995
55000 655341
55000 563960
55000 539293
55000 580326
55000 613187
55000 676322
55000 574897
55000 623272
55000 571603
55000 727248
55000 555663
55000 511535
55000 704205
55000 521733
55000 616979
55000 598457
55000 544661
55000 687929
55000 614105
55000 608890
55000 681203
55000 545483
55000 625243
55000 543411
55000 623319
55000 583890
55000 643582
55000 621154
55000 614489
55000 618258
55000 662041
55000 637356
55000 601286
55000 621937
55000 667296
55000 655590
55000 551694
55000 661277
55000 622903
55000 549850
55000 575080
55000 672848
55000 668936
55000 578037
55000 705880
56000 677764
56000 576844
56000 609651
56000 828062
56000 708335
56000 605807
56000 621022
56000 601492
56000 576758
56000 710312
56000 616046
56000 645498
56000 758361
56000 577668
56000 530322
56000 586053
56000 682266
56000 691637
56000 622388
56000 600283
56000 637154
56000 642349
56000 551536
56000 663272
56000 764151
56000 556603
56000 691398
56000 634296
56000 775649
56000 586259
56000 575002
56000 740475
56000 562635
56000 690854
56000 669625
56000 555446
56000 671093
56000 657941
56000 579577
56000 512077
56000 562946
56000 630396
56000 719978
56000 578018
56000 623211
56000 586511
56000 660333
56000 614030
56000 652236
56000 740036
57000 560520
57000 637220
57000 663802
57000 638913
57000 533446
57000 636530
57000 675521
57000 712272
57000 695340
57000 623291
57000 570379
57000 866708
57000 626640
57000 620014
57000 613273
57000 561078
57000 601614
57000 588594
57000 725163
57000 792615
57000 642356
57000 628786
57000 553172
57000 707666
57000 555059
57000 683668
57000 677274
57000 689985
57000 703693
57000 665785
57000 627179
57000 711040
57000 624280
57000 763599
57000 670919
57000 626599
57000 673314
57000 648484
57000 626289
57000 640490
57000 683123
57000 610108
57000 618795
57000 621958
57000 1011616
57000 601152
57000 581758
57000 557735
57000 738336
57000 654037
58000 916569
58000 853838
58000 842047
58000 711963
58000 672703
58000 607111
58000 757676
58000 786108
58000 752825
58000 598022
58000 656622
58000 552608
58000 654937
58000 637842
58000 653502
58000 823478
58000 691615
58000 769341
58000 644457
58000 565860
58000 709975
58000 651039
58000 638324
58000 672207
58000 568464
58000 689053
58000 618994
58000 754726
58000 623886
58000 755308
58000 724973
58000 649577
58000 761826
58000 559135
58000 585170
58000 601261
58000 644070
58000 656933
58000 697147
58000 725563
58000 661422
58000 660860
58000 559758
58000 607929
58000 720718
58000 597585
58000 626137
58000 657229
58000 676500
58000 688414
59000 807119
59000 650118
59000 650943
59000 682402
59000 784006
59000 667603
59000 644750
59000 686587
59000 632402
59000 641243
59000 670351
59000 1095521
59000 751993
59000 701098
59000 641010
59000 697056
59000 565002
59000 604998
59000 716793
59000 672063
59000 736388
59000 628510
59000 573274
59000 833946
59000 637066
59000 622321
59000 780712
59000 712956
59000 713101
59000 783170
59000 694843
59000 565092
59000 617363
59000 609526
59000 671937
59000 615278
59000 838040
59000 695183
59000 691232
59000 683478
59000 558443
59000 709157
59000 832193
59000 637190
59000 628502
59000 748298
59000 715831
59000 697633
59000 600101
59000 717222
60000 637525
60000 830314
60000 824318
60000 652088
60000 759195
60000 702671
60000 654772
60000 822490
60000 641552
60000 719255
60000 650654
60000 692311
60000 608114
60000 660824
60000 610183
60000 696947
60000 628075
60000 598827
60000 615072
60000 813611
60000 612069
60000 752686
60000 642412
60000 568822
60000 671201
60000 741215
60000 603469
60000 698418
60000 641357
60000 658339
60000 709537
60000 691999
60000 668477
60000 826500
60000 667319
60000 774487
60000 604193
60000 681702
60000 689260
60000 881512
60000 709013
60000 745268
60000 695345
60000 710121
60000 682644
60000 697575
60000 715054
60000 665275
60000 706024
60000 580137
61000 667794
61000 768071
61000 777069
61000 686059
61000 719679
61000 790204
61000 598473
61000 636712
61000 681297
61000 724900
61000 713425
61000 663140
61000 656114
61000 673623
61000 640001
61000 812287
61000 743270
61000 744994
61000 618386
61000 708426
61000 634891
61000 671400
61000 667737
61000 763167
61000 607942
61000 762642
61000 679980
61000 584196
61000 674974
61000 699522
61000 619550
61000 677965
61000 690396
61000 743767
61000 820600
61000 732087
61000 848524
61000 730263
61000 779279
61000 658594
61000 663032
61000 754836
61000 659234
61000 733235
61000 787206
61000 690231
61000 787529
61000 624614
61000 672766
61000 703615
62000 758451
62000 713856
62000 642279
62000 621444
62000 730883
62000 735259
62000 705835
62000 873721
62000 683675
62000 626008
62000 761405
62000 606716
62000 674338
62000 660137
62000 750477
62000 644647
62000 708472
62000 773111
62000 718979
62000 654849
62000 637873
62000 731726
62000 723258
62000 803316
62000 710764
62000 639809
62000 744927
62000 676292
62000 618376
62000 682106
62000 703723
62000 684167
62000 673137
62000 716539
62000 719178
62000 618486
62000 715728
62000 725837
62000 732908
62000 609523
62000 869108
62000 878632
62000 653892
62000 741177
62000 723218
62000 629295
62000 593598
62000 722571
62000 620844
62000 804693
63000 770404
63000 766631
63000 875391
63000 728842
63000 711792
63000 940946
63000 799166
63000 653713
63000 712948
63000 715758
63000 928756
63000 676590
63000 654029
63000 751847
63000 663928
63000 835575
63000 763492
63000 754293
63000 649968
63000 670781
63000 748053
63000 696845
63000 679681
63000 682460
63000 802305
63000 890571
63000 700957
63000 739805
63000 663331
63000 739498
63000 682692
63000 771542
63000 680720
63000 769679
63000 1011572
63000 804269
63000 816990
63000 690880
63000 838417
63000 638672
63000 690598
63000 819351
63000 631365
63000 777365
63000 635389
63000 823269
63000 670362
63000 769358
63000 928765
63000 669115
64000 793240
64000 785945
64000 706279
64000 749991
64000 727885
64000 1024847
64000 810223
64000 846739
64000 695988
64000 735564
64000 808828
64000 745836
64000 698451
64000 706218
64000 752222
64000 608596
64000 799618
64000 848190
64000 756047
64000 700439
64000 720582
64000 775800
64000 763803
64000 822378
64000 741980
64000 676388
64000 796524
64000 690302
64000 813146
64000 640360
64000 706986
64000 756327
64000 679715
64000 707161
64000 713458
64000 677827
64000 745243
64000 609028
64000 661546
64000 757435
64000 1152475
64000 737250
64000 735235
64000 714770
64000 734533
64000 709415
64000 720068
64000 712914
64000 776816
64000 675335
65000 785270
65000 736946
65000 648812
65000 671590
65000 626459
65000 685383
65000 742759
65000 841979
65000 755143
65000 715849
65000 667891
65000 816097
65000 722368
65000 737974
65000 760576
65000 761979
65000 910932
65000 771422
65000 776336
65000 841557
65000 694852
65000 851314
65000 725953
65000 740887
65000 819588
65000 746012
65000 794031
65000 709893
65000 780495
65000 759831
65000 716903
65000 827353
65000 786988
65000 742449
65000 738928
65000 860899
65000 743949
65000 755713
65000 739859
65000 817756
65000 745465
65000 757345
65000 731599
65000 827295
65000 843469
65000 738115
65000 681462
65000 815587
65000 743424
65000 722774
66000 740470
66000 685388
66000 806611
66000 667489
66000 756438
66000 819737
66000 749099
66000 725418
66000 742349
66000 780002
66000 881370
66000 780161
66000 725813
66000 833070
66000 881161
66000 754983
66000 604199
66000 801168
66000 675394
66000 661441
66000 796855
66000 708534
66000 756161
66000 774609
66000 699471
66000 748187
66000 650942
66000 917546
66000 764733
66000 947720
66000 668509
66000 796329
66000 714932
66000 775865
66000 783511
66000 726906
66000 742287
66000 893555
66000 925350
66000 984193
66000 724422
66000 728286
66000 860409
66000 633983
66000 772546
66000 682025
66000 696677
66000 838165
66000 829031
66000 886099
67000 861896
67000 834991
67000 815747
67000 667338
67000 922322
67000 813084
67000 910911
67000 723721
67000 724999
67000 948850
67000 747353
67000 681660
67000 747490
67000 802683
67000 772096
67000 802633
67000 721663
67000 759693
67000 758286
67000 725103
67000 875566
67000 642209
67000 804766
67000 787188
67000 823378
67000 905440
67000 740917
67000 736564
67000 839779
67000 746016
67000 779548
67000 893034
67000 672217
67000 792127
67000 740452
67000 720788
67000 689369
67000 700863
67000 744427
67000 874510
67000 738692
67000 706045
67000 862409
67000 826980
67000 792156
67000 770793
67000 740663
67000 750640
67000 773286
67000 807750
68000 727286
68000 841163
68000 734753
68000 755941
68000 822282
68000 881033
68000 716488
68000 766602
68000 814213
68000 717482
68000 869926
68000 658616
68000 699760
68000 957247
68000 782376
68000 768629
68000 691631
68000 805294
68000 766267
68000 735703
68000 929661
68000 750760
68000 817623
68000 733276
68000 729076
68000 820458
68000 661144
68000 935532
68000 750450
68000 753793
68000 834093
68000 785361
68000 763302
68000 748982
68000 705595
68000 769864
68000 796939
68000 848761
68000 747743
68000 852878
68000 813897
68000 800988
68000 736508
68000 744641
68000 821995
68000 812796
68000 687409
68000 805499
68000 911098
68000 803781
69000 741584
69000 782531
69000 790115
69000 767069
69000 845223
69000 856688
69000 784880
69000 728758
69000 715951
69000 890648
69000 723433
69000 739322
69000 944363
69000 875743
69000 974487
69000 1006327
69000 838986
69000 858316
69000 875891
69000 758721
69000 814400
69000 729520
69000 789166
69000 790711
69000 807128
69000 684099
69000 755556
69000 691623
69000 796341
69000 1065181
69000 782050
69000 686372
69000 970937
69000 929056
69000 888417
69000 800860
69000 721276
69000 954834
69000 1020473
69000 735725
69000 769966
69000 913689
69000 770231
69000 754505
69000 892297
69000 798846
69000 917604
69000 822974
69000 736867
69000 790457
70000 872776
70000 768041
70000 823961
70000 809434
70000 830097
70000 770363
70000 832465
70000 689849
70000 931609
70000 804002
70000 708533
70000 817288
70000 758596
70000 706427
70000 840707
70000 791156
70000 793430
70000 791870
70000 697507
70000 822531
70000 811714
70000 683553
70000 787074
70000 809199
70000 792905
70000 747697
70000 816626
70000 737146
70000 915676
70000 761968
70000 724056
70000 768557
70000 814171
70000 917734
70000 772873
70000 864294
70000 743122
70000 818742
70000 749873
70000 741530
70000 994308
70000 814276
70000 706452
70000 792084
70000 870716
70000 859755
70000 730375
70000 708527
70000 755825
70000 883624
71000 953639
71000 786482
71000 808357
71000 750615
71000 834598
71000 1002827
71000 845602
71000 763487
71000 793982
71000 920025
71000 870086
71000 821242
71000 845049
71000 740560
71000 747589
71000 831546
71000 838709
71000 796917
71000 790894
71000 841359
71000 1007538
71000 798307
71000 822179
71000 1110028
71000 690634
71000 835046
71000 840803
71000 795559
71000 792411
71000 813249
71000 698064
71000 946292
71000 846286
71000 781297
71000 778033
71000 778817
71000 781672
71000 871363
71000 761596
71000 888995
71000 794807
71000 748357
71000 910924
71000 863496
71000 847313
71000 779596
71000 858082
71000 915455
71000 720821
71000 915705
72000 925154
72000 726404
72000 869503
72000 806348
72000 934390
72000 884335
72000 963355
72000 772204
72000 1043688
72000 912411
72000 864461
72000 921870
72000 915508
72000 776383
72000 851924
72000 974635
72000 768374
72000 904893
72000 818312
72000 707261
72000 868651
72000 1033817
72000 943915
72000 828882
72000 771809
72000 801842
72000 829336
72000 786672
72000 944493
72000 841349
72000 726293
72000 948300
72000 879677
72000 816956
72000 1031661
72000 831163
72000 762070
72000 734278
72000 906781
72000 857836
72000 855487
72000 860735
72000 939291
72000 866438
72000 816685
72000 941014
72000 797252
72000 789952
72000 778891
72000 1091366
73000 784409
73000 793060
73000 939064
73000 958701
73000 710757
73000 761831
73000 787866
73000 860282
73000 834541
73000 1090818
73000 803454
73000 927794
73000 885546
73000 819097
73000 800436
73000 815461
73000 842385
73000 783714
73000 812077
73000 832147
73000 852392
73000 786725
73000 962506
73000 795637
73000 757801
73000 920387
73000 892452
73000 841356
73000 875376
73000 880841
73000 842730
73000 958886
73000 797992
73000 976245
73000 770927
73000 882974
73000 856587
73000 866154
73000 747916
73000 812088
73000 775142
73000 973728
73000 747173
73000 817213
73000 880233
73000 908295
73000 826339
73000 1059424
73000 816000
73000 888652
74000 834461
74000 807136
74000 880808
74000 941923
74000 966207
74000 805478
74000 1031147
74000 778868
74000 969586
74000 773387
74000 1017293
74000 1081774
74000 885543
74000 758607
74000 780133
74000 793707
74000 836909
74000 894290
74000 809655
74000 753020
74000 1035777
74000 882273
74000 1098980
74000 774228
74000 805640
74000 796034
74000 745738
74000 831115
74000 734080
74000 782875
74000 855172
74000 847432
74000 889419
74000 799509
74000 992693
74000 870805
74000 1010814
74000 798627
74000 821253
74000 845716
74000 816353
74000 795763
74000 918642
74000 803573
74000 821772
74000 772292
74000 793223
74000 853269
74000 874683
74000 821659
75000 1019827
75000 881126
75000 887813
75000 738453
75000 815831
75000 927561
75000 817768
75000 846850
75000 869096
75000 840339
75000 805071
75000 893473
75000 786158
75000 789329
75000 875184
75000 867525
75000 913744
75000 957086
75000 957383
75000 764466
75000 830575
75000 759770
75000 1029532
75000 883516
75000 849351
75000 1050534
75000 846611
75000 790322
75000 825235
75000 830526
75000 957809
75000 927227
75000 820679
75000 787437
75000 1089244
75000 978993
75000 817497
75000 926706
75000 878777
75000 932255
75000 1032082
75000 967650
75000 752855
75000 923115
75000 898049
75000 936061
75000 858471
75000 860798
75000 992633
75000 970161
76000 903369
76000 854209
76000 878579
76000 803292
76000 808434
76000 936331
76000 917950
76000 909494
76000 914368
76000 879769
76000 871115
76000 873623
76000 991972
76000 977015
76000 825022
76000 851513
76000 946897
76000 871758
76000 899370
76000 838555
76000 1042277
76000 847252
76000 883653
76000 995827
76000 959535
76000 803663
76000 968857
76000 1054208
76000 849377
76000 897052
76000 858148
76000 779539
76000 867595
76000 855447
76000 884953
76000 830813
76000 804329
76000 1067624
76000 857898
76000 997660
76000 894500
76000 904014
76000 1089205
76000 840805
76000 945374
76000 826244
76000 898551
76000 1024505
76000 802466
76000 963063
77000 866642
77000 900290
77000 900504
77000 1104319
77000 925208
77000 983861
77000 803180
77000 870136
77000 875084
77000 1034376
77000 762573
77000 990415
77000 811443
77000 860962
77000 1048319
77000 839700
77000 927440
77000 825701
77000 1142776
77000 984478
77000 827218
77000 927164
77000 924861
77000 795576
77000 864309
77000 780024
77000 947709
77000 885359
77000 914692
77000 885442
77000 984818
77000 932262
77000 870697
77000 846596
77000 774004
77000 926679
77000 858323
77000 881887
77000 960985
77000 1058686
77000 845549
77000 962985
77000 914030
77000 886539
77000 883846
77000 925881
77000 1073734
77000 972980
77000 901134
77000 930870
78000 1135668
78000 784249
78000 861632
78000 864896
78000 828291
78000 861912
78000 884515
78000 921761
78000 925376
78000 1067300
78000 976414
78000 815694
78000 970864
78000 928389
78000 831192
78000 783034
78000 992402
78000 819861
78000 940151
78000 863331
78000 870352
78000 841037
78000 938335
78000 898301
78000 903347
78000 808712
78000 914925
78000 1118831
78000 983367
78000 782786
78000 997583
78000 816759
78000 1127888
78000 896784
78000 956783
78000 811473
78000 898384
78000 923932
78000 904863
78000 1260715
78000 886478
78000 1051242
78000 1007191
78000 843887
78000 987255
78000 1000250
78000 893391
78000 746303
78000 964078
78000 1093210
79000 1061523
79000 901680
79000 896731
79000 834280
79000 968133
79000 945776
79000 1039145
79000 999332
79000 990047
79000 899070
79000 900493
79000 1109968
79000 886477
79000 943526
79000 892259
79000 912762
79000 848474
79000 976538
79000 851317
79000 905015
79000 915836
79000 945135
79000 803156
79000 819842
79000 1000446
79000 853590
79000 938191
79000 904068
79000 934892
79000 827648
79000 1122336
79000 892643
79000 873662
79000 957638
79000 1052950
79000 926263
79000 1128525
79000 1016211
79000 1087168
79000 987368
79000 1017713
79000 858828
79000 1054047
79000 1062796
79000 1166422
79000 960999
79000 908751
79000 884337
79000 808461
79000 804687
80000 1086932
80000 957374
80000 908833
80000 1059585
80000 1102556
80000 900457
80000 908056
80000 939908
80000 1102909
80000 976134
80000 1061573
80000 905891
80000 909700
80000 1039378
80000 884843
80000 782200
80000 958827
80000 944291
80000 858589
80000 1004219
80000 914633
80000 939256
80000 901945
80000 889370
80000 1032130
80000 975105
80000 980333
80000 948557
80000 840186
80000 878617
80000 859415
80000 1043658
80000 1084746
80000 823815
80000 885996
80000 927011
80000 784625
80000 884608
80000 910381
80000 996288
80000 905512
80000 802958
80000 899155
80000 915655
80000 851395
80000 1015819
80000 1117291
80000 924619
80000 920836
80000 1015865
81000 871203
81000 970811
81000 988455
81000 1006495
81000 872676
81000 819839
81000 1027173
81000 1004592
81000 904077
81000 1002901
81000 945426
81000 1251587
81000 889435
81000 1111148
81000 949630
81000 897817
81000 843728
81000 953047
81000 987202
81000 903493
81000 1062939
81000 972626
81000 879693
81000 897040
81000 902802
81000 934158
81000 924830
81000 812444
81000 797120
81000 1010925
81000 1027608
81000 966450
81000 938664
81000 887993
81000 863333
81000 841497
81000 894042
81000 776848
81000 1150559
81000 802639
81000 929346
81000 828168
81000 969163
81000 910888
81000 1231699
81000 1030647
81000 1105591
81000 836991
81000 940046
81000 917004
82000 925915
82000 928659
82000 1014410
82000 896087
82000 1044810
82000 885709
82000 988399
82000 970265
82000 1098166
82000 1039012
82000 1232345
82000 1074461
82000 884951
82000 1128684
82000 920785
82000 822617
82000 1011635
82000 888465
82000 1213211
82000 868967
82000 1020163
82000 959884
82000 931917
82000 822765
82000 792561
82000 1018956
82000 947695
82000 920045
82000 878734
82000 962781
82000 977263
82000 920973
82000 989496
82000 836897
82000 826092
82000 1056151
82000 1013113
82000 1020679
82000 926240
82000 1042439
82000 1066216
82000 1011082
82000 942608
82000 831643
82000 872134
82000 1034283
82000 1068402
82000 940592
82000 935863
82000 1141706
83000 1087258
83000 839853
83000 1044371
83000 1039063
83000 1029978
83000 908914
83000 1049796
83000 969729
83000 1060840
83000 929189
83000 878306
83000 1055501
83000 1029364
83000 904903
83000 871015
83000 924909
83000 1008098
83000 878235
83000 808440
83000 910437
83000 867558
83000 1098910
83000 920403
83000 852042
83000 1216142
83000 952765
83000 993476
83000 981861
83000 889018
83000 967615
83000 1004214
83000 1093224
83000 823910
83000 890837
83000 954765
83000 857410
83000 853146
83000 1030246
83000 1052814
83000 1018143
83000 966421
83000 1113633
83000 949393
83000 935263
83000 904168
83000 993966
83000 1004178
83000 931346
83000 980755
83000 954940
84000 906437
84000 975823
84000 943550
84000 1027944
84000 931736
84000 998725
84000 943203
84000 1118291
84000 1059471
84000 986169
84000 929467
84000 906029
84000 1081819
84000 927738
84000 965763
84000 989970
84000 997239
84000 1167121
84000 835117
84000 1026934
84000 1022176
84000 992288
84000 881780
84000 919209
84000 1028176
84000 866508
84000 912024
84000 1009426
84000 1165507
84000 994059
84000 979242
84000 1006036
84000 1262213
84000 1004909
84000 1078260
84000 933564
84000 902788
84000 843085
84000 926027
84000 1179749
84000 925034
84000 891602
84000 956799
84000 926135
84000 926715
84000 961623
84000 967701
84000 999627
84000 926171
84000 935477
85000 925623
85000 983619
85000 927854
85000 933202
85000 919711
85000 1148166
85000 1069393
85000 975817
85000 1027267
85000 964861
85000 1247844
85000 1146461
85000 998926
85000 1280036
85000 1029558
85000 987389
85000 945134
85000 1054754
85000 966440
85000 1068515
85000 1084845
85000 910222
85000 912372
85000 947899
85000 882848
85000 902230
85000 1125425
85000 905486
85000 1082070
85000 901937
85000 997930
85000 919208
85000 992646
85000 1464012
85000 1197934
85000 952062
85000 1121403
85000 1103973
85000 984469
85000 976586
85000 976669
85000 1052128
85000 1256650
85000 871072
85000 931036
85000 885654
85000 858081
85000 1042088
85000 1088190
85000 992082
86000 1126284
86000 955965
86000 1000827
86000 1011094
86000 873506
86000 1036083
86000 1072180
86000 857328
86000 1023748
86000 1387980
86000 1165987
86000 866439
86000 997226
86000 985874
86000 948406
86000 1026509
86000 1274003
86000 1040042
86000 1086170
86000 924183
86000 1050300
86000 960734
86000 959023
86000 1165918
86000 1057226
86000 931535
86000 1124107
86000 1145245
86000 1052470
86000 1213432
86000 1069679
86000 1168959
86000 1061201
86000 1026703
86000 1104817
86000 952848
86000 1166270
86000 957478
86000 967165
86000 993612
86000 1004019
86000 867657
86000 926043
86000 949439
86000 1067304
86000 1026304
86000 1048508
86000 1263718
86000 933696
86000 1302577
87000 1170073
87000 940899
87000 1166182
87000 945764
87000 1000188
87000 1227073
87000 919984
87000 921203
87000 1293957
87000 990965
87000 933888
87000 1155044
87000 1050416
87000 1028138
87000 864211
87000 1463634
87000 990816
87000 998273
87000 1094361
87000 978775
87000 1127972
87000 1092358
87000 1187150
87000 953265
87000 1175386
87000 886845
87000 871923
87000 876011
87000 1025265
87000 986709
87000 1037316
87000 901452
87000 971028
87000 1149163
87000 897527
87000 964768
87000 997299
87000 982020
87000 1411687
87000 1066265
87000 957951
87000 1188902
87000 1013050
87000 1003624
87000 915298
87000 1147325
87000 1095481
87000 1185019
87000 1155395
87000 895817
88000 1046008
88000 918614
88000 1056724
88000 1105261
88000 1161986
88000 997800
88000 1117734
88000 1110705
88000 1049581
88000 985598
88000 1018525
88000 1376710
88000 925620
88000 1304410
88000 913062
88000 1035963
88000 1052426
88000 1185798
88000 1120726
88000 1049021
88000 1043586
88000 964834
88000 1034808
88000 958643
88000 1060159
88000 1267189
88000 1081891
88000 984642
88000 1168482
88000 955764
88000 1009331
88000 1205906
88000 900824
88000 1017618
88000 885254
88000 1123130
88000 1142877
88000 1002558
88000 1360333
88000 1009634
88000 978083
88000 1072332
88000 901577
88000 1126239
88000 987516
88000 1032642
88000 1015031
88000 1051862
88000 1042706
88000 995470
89000 1165788
89000 1008697
89000 1119992
89000 1109079
89000 1234162
89000 1003959
89000 1017234
89000 1280163
89000 1121099
89000 1152054
89000 1018421
89000 1152562
89000 1000300
89000 1184647
89000 1041675
89000 1272964
89000 966689
89000 994339
89000 902896
89000 1054412
89000 1391808
89000 1222634
89000 954368
89000 924387
89000 1170323
89000 990599
89000 1050998
89000 1067649
89000 1250851
89000 1081721
89000 1084158
89000 1233330
89000 971446
89000 1106485
89000 925836
89000 1062476
89000 1210287
89000 1137999
89000 1394502
89000 1004394
89000 1121589
89000 906508
89000 1043345
89000 1115757
89000 1065272
89000 1084345
89000 1103069
89000 1184413
89000 1105279
89000 1307078
90000 1153976
90000 909534
90000 1131118
90000 1505776
90000 1338691
90000 1333479
90000 1145212
90000 995166
90000 924121
90000 1054768
90000 1283217
90000 1104093
90000 1056200
90000 1043772
90000 959398
90000 1029556
90000 1027228
90000 1009507
90000 1023828
90000 1085331
90000 1055306
90000 1348995
90000 938853
90000 1030365
90000 1231950
90000 1283308
90000 941983
90000 1123792
90000 1058885
90000 958414
90000 985462
90000 1035151
90000 1019855
90000 1152958
90000 1115448
90000 1209334
90000 1025694
90000 956023
90000 1124183
90000 933049
90000 1109125
90000 1243988
90000 1445385
90000 1082917
90000 1118562
90000 1141563
90000 1103675
90000 1028664
90000 1003975
90000 1164624
91000 1422910
91000 1159269
91000 964484
91000 997129
91000 1009127
91000 1240389
91000 1125748
91000 981261
91000 985493
91000 1172171
91000 928218
91000 1299655
91000 1013633
91000 885327
91000 1089992
91000 1033244
91000 990877
91000 1259066
91000 1115772
91000 1041326
91000 1511675
91000 1068256
91000 1167877
91000 992035
91000 1023696
91000 989907
91000 1091180
91000 1076776
91000 1021604
91000 1028502
91000 1179325
91000 1086111
91000 1163161
91000 980610
91000 1368407
91000 981696
91000 995448
91000 958727
91000 1033825
91000 1026753
91000 1042602
91000 984365
91000 1062163
91000 863168
91000 1082218
91000 989606
91000 1013907
91000 1095856
91000 1156202
91000 1082704
92000 1249188
92000 1053486
92000 1034484
92000 1004679
92000 1101477
92000 1050532
92000 1161020
92000 1249846
92000 1200838
92000 1345950
92000 1364498
92000 1181817
92000 1022796
92000 1173323
92000 1039697
92000 1032817
92000 1128010
92000 1198731
92000 1048446
92000 1014388
92000 1022767
92000 1212204
92000 990634
92000 1133612
92000 963571
92000 1000953
92000 1002979
92000 1070089
92000 1027850
92000 1113044
92000 1073042
92000 1619643
92000 978563
92000 1181449
92000 1062300
92000 1132014
92000 1050330
92000 1116322
92000 1296310
92000 1284953
92000 1354789
92000 1032104
92000 1252077
92000 1042785
92000 959122
92000 1102139
92000 1098485
92000 1228541
92000 1125720
92000 1104917
93000 1078988
93000 1053425
93000 1180120
93000 1144362
93000 1228679
93000 1127168
93000 975066
93000 944903
93000 1146587
93000 1147527
93000 1243808
93000 1094317
93000 1088492
93000 1055043
93000 1425153
93000 1041020
93000 1062381
93000 1179473
93000 1320381
93000 997123
93000 1014826
93000 1088645
93000 1213214
93000 1018091
93000 991798
93000 1222124
93000 1139092
93000 1194225
93000 1403410
93000 1010188
93000 1024723
93000 1101702
93000 1035345
93000 973304
93000 1151613
93000 1071050
93000 1020035
93000 1058001
93000 1164132
93000 1205684
93000 1408239
93000 1246313
93000 995837
93000 1024528
93000 1291807
93000 1171990
93000 1022494
93000 1193514
93000 1174166
93000 1089430
94000 1469559
94000 1024565
94000 1213146
94000 1096070
94000 955479
94000 1227828
94000 1158791
94000 1358573
94000 1050547
94000 1422758
94000 1411556
94000 1194513
94000 1076293
94000 1048804
94000 1090193
94000 1106920
94000 1164115
94000 1143886
94000 1128189
94000 1147095
94000 1302396
94000 1204741
94000 1132323
94000 1068445
94000 1078448
94000 1244838
94000 1033693
94000 1043251
94000 1113599
94000 1200921
94000 955998
94000 1139462
94000 1213762
94000 1101659
94000 1082956
94000 1050038
94000 1064991
94000 1140414
94000 1083582
94000 1064665
94000 1157538
94000 1231136
94000 1175714
94000 1029197
94000 1130691
94000 1000026
94000 1062638
94000 1103037
94000 1263315
94000 1138767
95000 1278070
95000 1084902
95000 1070820
95000 1105801
95000 1461098
95000 959015
95000 1207272
95000 1225856
95000 1056559
95000 1171685
95000 1070148
95000 1297279
95000 1068961
95000 999069
95000 1314225
95000 1088170
95000 975985
95000 1081177
95000 1226074
95000 1004324
95000 1154971
95000 1179392
95000 1255124
95000 1150410
95000 1035776
95000 1012394
95000 1107461
95000 1013776
95000 1151267
95000 1037517
95000 1158506
95000 1303674
95000 1044317
95000 1002080
95000 973950
95000 1148391
95000 1145965
95000 1188392
95000 974363
95000 1076168
95000 1156728
95000 1104084
95000 1064501
95000 1178980
95000 1103806
95000 1128398
95000 1184814
95000 1094259
95000 1311952
95000 1105258
96000 1197040
96000 1078938
96000 1072799
96000 1145981
96000 1120345
96000 1276664
96000 1317006
96000 1340850
96000 1095033
96000 1100982
96000 1664746
96000 1148197
96000 972329
96000 1040503
96000 1004199
96000 1174423
96000 1127277
96000 1101060
96000 1232614
96000 1191747
96000 1327858
96000 1365095
96000 1284410
96000 1103721
96000 1638195
96000 1126470
96000 1158402
96000 985080
96000 1271449
96000 1071395
96000 1251345
96000 1223153
96000 1067098
96000 1055753
96000 995027
96000 1245148
96000 1467092
96000 922284
96000 1253202
96000 1279904
96000 1169285
96000 1065652
96000 1222588
96000 1019872
96000 1062848
96000 1294389
96000 1051763
96000 1095686
96000 1230421
96000 1154676
97000 1517615
97000 1056009
97000 1141516
97000 1403204
97000 1030557
97000 1242886
97000 1008879
97000 1085456
97000 1334358
97000 1235714
97000 1151704
97000 1434193
97000 1322342
97000 1062505
97000 1153951
97000 1183051
97000 1244999
97000 1575652
97000 1199300
97000 1148460
97000 1113887
97000 1205878
97000 1044600
97000 1129005
97000 1119285
97000 1130781
97000 1227907
97000 1070031
97000 1093091
97000 1146950
97000 979623
97000 982230
97000 1041426
97000 1213265
97000 1190570
97000 1068099
97000 1355881
97000 1308513
97000 1504614
97000 1214795
97000 1427718
97000 1168700
97000 1225634
97000 1063580
97000 1162706
97000 999143
97000 1141178
97000 1134405
97000 1094604
97000 1155406
98000 1259696
98000 1282551
98000 1273842
98000 981666
98000 1357410
98000 1105831
98000 1287470
98000 1129814
98000 1246027
98000 1515409
98000 1497863
98000 1177222
98000 1688718
98000 990245
98000 1062239
98000 1252597
98000 1049813
98000 1106974
98000 1033595
98000 1078160
98000 1333872
98000 1091297
98000 1353541
98000 1126655
98000 1437191
98000 1263391
98000 1184856
98000 1161356
98000 1016685
98000 1423350
98000 1110477
98000 1136583
98000 1132142
98000 1317078
98000 1089080
98000 1356910
98000 1323286
98000 1265164
98000 1308701
98000 1097713
98000 1098527
98000 1095716
98000 1089580
98000 1181841
98000 1157451
98000 1174326
98000 1126421
98000 1075173
98000 1800940
98000 1062605
99000 1109181
99000 1240314
99000 1177300
99000 1021415
99000 1250886
99000 1184368
99000 1108906
99000 976401
99000 1060668
99000 1243976
99000 1305687
99000 1020277
99000 1212296
99000 1191414
99000 1110673
99000 1193501
99000 1036041
99000 1191823
99000 1171207
99000 1118053
99000 1210038
99000 1203613
99000 1075776
99000 1291199
99000 1063159
99000 1183186
99000 1089454
99000 1091606
99000 1097166
99000 1157382
99000 1162110
99000 1232335
99000 1185587
99000 1054911
99000 1005103
99000 1234165
99000 1501392
99000 1024303
99000 1332451
99000 1247652
99000 1218698
99000 1219611
99000 1088818
99000 1238795
99000 1197836
99000 1395380
99000 1347881
99000 1118533
99000 1074745
99000 1102040
100000 1562661
100000 1171810
100000 1270762
100000 1292522
100000 1624898
100000 1428760
100000 1186216
100000 1199560
100000 1144656
100000 982836
100000 1110471
100000 1306419
100000 1242915
100000 1211709
100000 1173865
100000 1472588
100000 1283026
100000 1244355
100000 1191621
100000 1316236
100000 1299116
100000 1037026
100000 1145292
100000 1253395
100000 1158700
100000 1180765
100000 1117798
100000 1168576
100000 1079765
100000 1165770
100000 1037028
100000 1013589
100000 1412264
100000 1114179
100000 1068811
100000 1604198
100000 1038797
100000 1392882
100000 1496422
100000 1174302
100000 1028777
100000 1210533
100000 1185251
100000 1181715
100000 1044454
100000 1339957
100000 1132517
100000 1012048
100000 1151149
100000 1118741
