1000 3259
1000 4539
1000 1392
1000 1466
1000 2957
1000 1828
1000 1988
1000 1244
1000 3940
1000 1319
1000 3417
1000 274
1000 4206
1000 1908
1000 2952
1000 791
1000 2364
1000 3620
1000 950
1000 876
1000 465
1000 2598
1000 1312
1000 2944
1000 59
1000 2731
1000 2572
1000 646
1000 2829
1000 3334
1000 3540
1000 941
1000 754
1000 4724
1000 2057
1000 2015
1000 1453
1000 4491
1000 3528
1000 4219
1000 5348
1000 4628
1000 3104
1000 1428
1000 1628
1000 204
1000 4309
1000 2995
1000 821
1000 785
2000 3781
2000 9237
2000 5793
2000 4646
2000 4516
2000 7583
2000 4362
2000 12480
2000 6133
2000 5013
2000 6492
2000 1974
2000 4595
2000 7174
2000 5687
2000 2190
2000 2803
2000 7626
2000 5104
2000 9442
2000 3049
2000 8286
2000 2643
2000 9059
2000 3458
2000 3482
2000 1305
2000 2387
2000 3006
2000 4940
2000 1260
2000 3225
2000 1855
2000 4164
2000 10508
2000 4147
2000 6741
2000 11434
2000 12338
2000 3967
2000 9429
2000 3746
2000 5998
2000 4021
2000 4597
2000 4209
2000 7617
2000 965
2000 5386
2000 5656
3000 11932
3000 5137
3000 12392
3000 3146
3000 8629
3000 11363
3000 14053
3000 5258
3000 8546
3000 8654
3000 12571
3000 12264
3000 5131
3000 7794
3000 4978
3000 20016
3000 12596
3000 14563
3000 9098
3000 13724
3000 11150
3000 3534
3000 6270
3000 9377
3000 2354
3000 3066
3000 8749
3000 14023
3000 27950
3000 13039
3000 1383
3000 8132
3000 4314
3000 8981
3000 6107
3000 2519
3000 7149
3000 5021
3000 4508
3000 7174
3000 17787
3000 4007
3000 16768
3000 8618
3000 4305
3000 3137
3000 6458
3000 10193
3000 9053
3000 10943
4000 13024
4000 9772
4000 3752
4000 8295
4000 11505
4000 5381
4000 10289
4000 20069
4000 6378
4000 6940
4000 5040
4000 5362
4000 4306
4000 7230
4000 13649
4000 16887
4000 1459
4000 6077
4000 14700
4000 6253
4000 7243
4000 30236
4000 13966
4000 15233
4000 3116
4000 8814
4000 16602
4000 7633
4000 37281
4000 9326
4000 8216
4000 10729
4000 19191
4000 5172
4000 5973
4000 2120
4000 15027
4000 8433
4000 4232
4000 6459
4000 10668
4000 2886
4000 3264
4000 20006
4000 6444
4000 13037
4000 6654
4000 4227
4000 3375
4000 6033
5000 10927
5000 6732
5000 9723
5000 11016
5000 7463
5000 7814
5000 16794
5000 16124
5000 8928
5000 6243
5000 14183
5000 12421
5000 29307
5000 10959
5000 19337
5000 15078
5000 20450
5000 19999
5000 9883
5000 9481
5000 11518
5000 22710
5000 14454
5000 18533
5000 9330
5000 7921
5000 11956
5000 17191
5000 11373
5000 15203
5000 18344
5000 30762
5000 10262
5000 9338
5000 9206
5000 10121
5000 9311
5000 14583
5000 12113
5000 10283
5000 19850
5000 246
5000 15395
5000 11985
5000 10606
5000 9466
5000 12083
5000 3782
5000 10842
5000 11596
6000 12792
6000 13987
6000 24657
6000 11757
6000 17576
6000 9285
6000 39618
6000 16984
6000 9163
6000 10405
6000 17923
6000 3296
6000 15349
6000 15448
6000 12227
6000 18676
6000 18046
6000 23483
6000 5412
6000 6630
6000 20642
6000 3498
6000 25255
6000 5016
6000 16093
6000 10267
6000 20334
6000 11180
6000 18982
6000 18770
6000 21363
6000 36910
6000 12224
6000 24395
6000 32042
6000 13781
6000 32198
6000 3575
6000 3699
6000 7802
6000 5465
6000 5351
6000 14002
6000 31689
6000 8260
6000 14908
6000 6123
6000 12644
6000 1380
6000 21783
7000 5457
7000 7378
7000 13630
7000 12031
7000 6244
7000 10893
7000 41
7000 16425
7000 6912
7000 29726
7000 14210
7000 24718
7000 11911
7000 21310
7000 21152
7000 26723
7000 7537
7000 49142
7000 33840
7000 1649
7000 10665
7000 20280
7000 19122
7000 16353
7000 44780
7000 10689
7000 8092
7000 10056
7000 2602
7000 14407
7000 364
7000 12652
7000 12272
7000 23789
7000 21280
7000 9215
7000 31468
7000 22810
7000 3085
7000 23399
7000 6570
7000 36724
7000 27541
7000 19408
7000 1338
7000 14768
7000 40995
7000 33533
7000 31320
7000 19352
8000 22628
8000 23612
8000 7363
8000 20724
8000 12439
8000 18563
8000 29636
8000 5469
8000 24071
8000 20063
8000 24289
8000 29376
8000 5012
8000 26210
8000 36895
8000 27994
8000 12822
8000 23327
8000 21639
8000 20721
8000 50196
8000 49642
8000 17871
8000 4928
8000 28686
8000 7105
8000 17699
8000 21536
8000 24148
8000 18034
8000 12419
8000 43372
8000 2933
8000 34793
8000 19895
8000 76
8000 6202
8000 23329
8000 51917
8000 13868
8000 32984
8000 43503
8000 17985
8000 8069
8000 13392
8000 34369
8000 29051
8000 13815
8000 18488
8000 27091
9000 40768
9000 4362
9000 39741
9000 18598
9000 31645
9000 7539
9000 28363
9000 21470
9000 15051
9000 24751
9000 8470
9000 5104
9000 20338
9000 13279
9000 20320
9000 34214
9000 10375
9000 54092
9000 36138
9000 33069
9000 18853
9000 38103
9000 6335
9000 19470
9000 13938
9000 21459
9000 24459
9000 14974
9000 20751
9000 13086
9000 23444
9000 49928
9000 23048
9000 23061
9000 1848
9000 6054
9000 7647
9000 24887
9000 7786
9000 19576
9000 1866
9000 16188
9000 14589
9000 15913
9000 55358
9000 18016
9000 16977
9000 6325
9000 6665
9000 30809
10000 16342
10000 33481
10000 43346
10000 30947
10000 38614
10000 27264
10000 11697
10000 30077
10000 28763
10000 56888
10000 34618
10000 39094
10000 22531
10000 49180
10000 21738
10000 22704
10000 48422
10000 49934
10000 24590
10000 50977
10000 41218
10000 43424
10000 37481
10000 29334
10000 45964
10000 20978
10000 11197
10000 39908
10000 390
10000 29689
10000 20968
10000 6048
10000 20567
10000 32637
10000 18191
10000 43949
10000 10239
10000 26764
10000 12516
10000 6477
10000 51210
10000 19533
10000 23140
10000 7217
10000 41736
10000 56165
10000 26113
10000 37896
10000 10545
10000 18481
11000 63877
11000 255
11000 15714
11000 35551
11000 50485
11000 59649
11000 39752
11000 24378
11000 38984
11000 20918
11000 38066
11000 25758
11000 66753
11000 22824
11000 9094
11000 35887
11000 62788
11000 2257
11000 18987
11000 13752
11000 22354
11000 33122
11000 19674
11000 16313
11000 23877
11000 28103
11000 12868
11000 26303
11000 36325
11000 33324
11000 82565
11000 36020
11000 21073
11000 30773
11000 17187
11000 7472
11000 32054
11000 32303
11000 49331
11000 36595
11000 47874
11000 46514
11000 26878
11000 42632
11000 9376
11000 12261
11000 39154
11000 33820
11000 43475
11000 23497
12000 43694
12000 41832
12000 41130
12000 18279
12000 65327
12000 32759
12000 28095
12000 42963
12000 37838
12000 24881
12000 9125
12000 14530
12000 42282
12000 21654
12000 39295
12000 13696
12000 62116
12000 47436
12000 31871
12000 20070
12000 25340
12000 82372
12000 37808
12000 27382
12000 6976
12000 10685
12000 10626
12000 3855
12000 29274
12000 28350
12000 26179
12000 32531
12000 50550
12000 24667
12000 11568
12000 23868
12000 20444
12000 68314
12000 63953
12000 7291
12000 34540
12000 18523
12000 13330
12000 43239
12000 4909
12000 18487
12000 22605
12000 13047
12000 24522
12000 18772
13000 14525
13000 27203
13000 37004
13000 52314
13000 38200
13000 31296
13000 36366
13000 1831
13000 31084
13000 11734
13000 25815
13000 9027
13000 25905
13000 33607
13000 24509
13000 29557
13000 37583
13000 53463
13000 7783
13000 38749
13000 57657
13000 69300
13000 46413
13000 34464
13000 46445
13000 42790
13000 64044
13000 38746
13000 46545
13000 5545
13000 73589
13000 58673
13000 63013
13000 52590
13000 30360
13000 10460
13000 3594
13000 49434
13000 31005
13000 10328
13000 28437
13000 17810
13000 18261
13000 64158
13000 25067
13000 56294
13000 32355
13000 10351
13000 71532
13000 49409
14000 45598
14000 33905
14000 46811
14000 95400
14000 31826
14000 52136
14000 21191
14000 52012
14000 19051
14000 49798
14000 43616
14000 25057
14000 31748
14000 20269
14000 38933
14000 69370
14000 13454
14000 19207
14000 80118
14000 37821
14000 41439
14000 8698
14000 25535
14000 2333
14000 49935
14000 69438
14000 33568
14000 10761
14000 42862
14000 30738
14000 4866
14000 21267
14000 19029
14000 43947
14000 45292
14000 29165
14000 56296
14000 24388
14000 19425
14000 13536
14000 26955
14000 40327
14000 35983
14000 48358
14000 49779
14000 23459
14000 54754
14000 57595
14000 22930
14000 56251
15000 21389
15000 46129
15000 24958
15000 34173
15000 50316
15000 20496
15000 90477
15000 40313
15000 10264
15000 82550
15000 71354
15000 52312
15000 32920
15000 39588
15000 33434
15000 32925
15000 30802
15000 6548
15000 57144
15000 74164
15000 16548
15000 8572
15000 29685
15000 47797
15000 87713
15000 61689
15000 15315
15000 75568
15000 36745
15000 63264
15000 49477
15000 33228
15000 31656
15000 59180
15000 16642
15000 22570
15000 6508
15000 17362
15000 11380
15000 51252
15000 58291
15000 23929
15000 27771
15000 23697
15000 6679
15000 40652
15000 27594
15000 80607
15000 25769
15000 49067
16000 31041
16000 57449
16000 64397
16000 88749
16000 20122
16000 28356
16000 44883
16000 5225
16000 42101
16000 17002
16000 26943
16000 19346
16000 27011
16000 66605
16000 29210
16000 56289
16000 38406
16000 54859
16000 66229
16000 72501
16000 6733
16000 60961
16000 14754
16000 30143
16000 42028
16000 31601
16000 33869
16000 26060
16000 104572
16000 35235
16000 83575
16000 97530
16000 37010
16000 29057
16000 2192
16000 22587
16000 47234
16000 48660
16000 13410
16000 45581
16000 17782
16000 127516
16000 67077
16000 18440
16000 49958
16000 31112
16000 270
16000 42353
16000 50440
16000 725
17000 43298
17000 8830
17000 90964
17000 45030
17000 13976
17000 62652
17000 74884
17000 10247
17000 69272
17000 141412
17000 44422
17000 61425
17000 40010
17000 67248
17000 69091
17000 47419
17000 22924
17000 37610
17000 34869
17000 64102
17000 24840
17000 63723
17000 65119
17000 31972
17000 25137
17000 64833
17000 33920
17000 54600
17000 6946
17000 33158
17000 38717
17000 65555
17000 52964
17000 77795
17000 70938
17000 10177
17000 60063
17000 20010
17000 19186
17000 20088
17000 68273
17000 32848
17000 22157
17000 89489
17000 67042
17000 81411
17000 44431
17000 51799
17000 46532
17000 51391
18000 27864
18000 102153
18000 75920
18000 37229
18000 18177
18000 56165
18000 56559
18000 26832
18000 81727
18000 1035
18000 35880
18000 34514
18000 6377
18000 71027
18000 78227
18000 45288
18000 27013
18000 15310
18000 94400
18000 1108
18000 23369
18000 35630
18000 79360
18000 79133
18000 42194
18000 35412
18000 16264
18000 30186
18000 52982
18000 51699
18000 44769
18000 42584
18000 9711
18000 8434
18000 34213
18000 57289
18000 35808
18000 42882
18000 27974
18000 17262
18000 24259
18000 27226
18000 49516
18000 78503
18000 30816
18000 73638
18000 76853
18000 45400
18000 68882
18000 78040
19000 63381
19000 59846
19000 23945
19000 50543
19000 54030
19000 59537
19000 21595
19000 17719
19000 26795
19000 21294
19000 70891
19000 65584
19000 46962
19000 35438
19000 88125
19000 51058
19000 75935
19000 50312
19000 53019
19000 51100
19000 44522
19000 42301
19000 14038
19000 44442
19000 39092
19000 52112
19000 33396
19000 41717
19000 47827
19000 38457
19000 33316
19000 100430
19000 57344
19000 40636
19000 12433
19000 98482
19000 19962
19000 29746
19000 17076
19000 78507
19000 16843
19000 50660
19000 59440
19000 76425
19000 33368
19000 15727
19000 21774
19000 30743
19000 94848
19000 57458
20000 52750
20000 6541
20000 54418
20000 73599
20000 33310
20000 25899
20000 64470
20000 75876
20000 56498
20000 61263
20000 30025
20000 53711
20000 39688
20000 74287
20000 58188
20000 30130
20000 50828
20000 50504
20000 72138
20000 59740
20000 121742
20000 73039
20000 53664
20000 56420
20000 54207
20000 54441
20000 15158
20000 55317
20000 30278
20000 61737
20000 10919
20000 69222
20000 132026
20000 10956
20000 64564
20000 56593
20000 80332
20000 40837
20000 84331
20000 32874
20000 56964
20000 79591
20000 80858
20000 125824
20000 66520
20000 81713
20000 57914
20000 8742
20000 71938
20000 21094
21000 65685
21000 56612
21000 109523
21000 13280
21000 50746
21000 58882
21000 38052
21000 8988
21000 90029
21000 2168
21000 58416
21000 41890
21000 86539
21000 64272
21000 11876
21000 5494
21000 28140
21000 110297
21000 61147
21000 82790
21000 99592
21000 101276
21000 70818
21000 69796
21000 45803
21000 13466
21000 50751
21000 94193
21000 45595
21000 40308
21000 51158
21000 1262
21000 19877
21000 41492
21000 53381
21000 38654
21000 112416
21000 43932
21000 86478
21000 64038
21000 10805
21000 48369
21000 70823
21000 51414
21000 106381
21000 81932
21000 51322
21000 19072
21000 40929
21000 4535
22000 62193
22000 48392
22000 75050
22000 80075
22000 11036
22000 57290
22000 119480
22000 55439
22000 46952
22000 34637
22000 74181
22000 83273
22000 44595
22000 92554
22000 47563
22000 118719
22000 71933
22000 154692
22000 154804
22000 80653
22000 27434
22000 56447
22000 45792
22000 32724
22000 20264
22000 39065
22000 56719
22000 22268
22000 39223
22000 86892
22000 124124
22000 58238
22000 18853
22000 134128
22000 58671
22000 23291
22000 42090
22000 13277
22000 10968
22000 43463
22000 83270
22000 16720
22000 67426
22000 76735
22000 72404
22000 89818
22000 52845
22000 177513
22000 34047
22000 56602
23000 73934
23000 31436
23000 28007
23000 68592
23000 37023
23000 47815
23000 137918
23000 21198
23000 85547
23000 30350
23000 37028
23000 32849
23000 38973
23000 38943
23000 51779
23000 35107
23000 86168
23000 80313
23000 34042
23000 42765
23000 1177
23000 102141
23000 65063
23000 98073
23000 44912
23000 61656
23000 16959
23000 35252
23000 187234
23000 85419
23000 53862
23000 19858
23000 101671
23000 68172
23000 69094
23000 62962
23000 1581
23000 71707
23000 73142
23000 25185
23000 64818
23000 2499
23000 60347
23000 110057
23000 101008
23000 82516
23000 28113
23000 85594
23000 60734
23000 89329
24000 81956
24000 116034
24000 84296
24000 107939
24000 19187
24000 19201
24000 28218
24000 114112
24000 417
24000 59675
24000 67010
24000 85417
24000 93224
24000 35616
24000 67288
24000 44343
24000 42276
24000 39189
24000 121713
24000 52261
24000 64994
24000 112514
24000 70281
24000 81406
24000 82193
24000 56836
24000 35971
24000 44515
24000 72826
24000 18774
24000 62298
24000 65921
24000 167300
24000 6718
24000 132732
24000 74189
24000 14780
24000 57078
24000 110208
24000 15206
24000 98659
24000 76468
24000 52798
24000 35197
24000 61153
24000 79331
24000 26721
24000 5335
24000 123522
24000 57114
25000 118023
25000 138853
25000 12998
25000 178782
25000 20474
25000 89722
25000 84425
25000 79037
25000 79272
25000 63273
25000 51087
25000 31366
25000 82806
25000 104601
25000 30538
25000 96008
25000 38678
25000 38941
25000 77462
25000 55823
25000 55341
25000 183980
25000 38093
25000 49516
25000 146361
25000 61761
25000 79996
25000 39520
25000 38477
25000 24474
25000 24592
25000 33687
25000 142624
25000 115012
25000 48355
25000 108878
25000 42238
25000 74270
25000 72951
25000 113976
25000 82442
25000 37308
25000 48573
25000 13577
25000 87482
25000 87353
25000 111635
25000 52524
25000 20686
25000 27825
26000 13082
26000 29419
26000 42610
26000 94318
26000 41225
26000 63979
26000 150964
26000 45659
26000 43411
26000 28071
26000 90993
26000 60316
26000 12224
26000 38673
26000 74419
26000 121334
26000 68465
26000 37059
26000 40677
26000 26232
26000 16902
26000 50571
26000 11956
26000 105578
26000 58306
26000 22099
26000 113835
26000 55502
26000 109785
26000 47748
26000 153292
26000 54946
26000 75467
26000 83133
26000 110891
26000 26311
26000 37452
26000 27766
26000 81775
26000 64930
26000 21207
26000 128670
26000 38955
26000 5142
26000 92404
26000 46900
26000 125513
26000 24776
26000 58169
26000 32986
27000 14040
27000 61249
27000 114031
27000 178014
27000 115608
27000 37902
27000 54928
27000 63703
27000 54903
27000 90543
27000 92011
27000 44975
27000 70755
27000 103612
27000 17819
27000 122003
27000 62017
27000 79059
27000 105038
27000 97327
27000 107765
27000 29519
27000 107940
27000 30591
27000 27532
27000 84415
27000 111720
27000 89440
27000 45841
27000 97193
27000 101269
27000 97211
27000 14405
27000 43114
27000 48782
27000 53581
27000 156236
27000 96772
27000 119085
27000 63050
27000 75272
27000 139384
27000 65225
27000 30475
27000 64231
27000 141255
27000 54598
27000 103417
27000 142502
27000 20244
28000 14604
28000 63687
28000 121452
28000 75773
28000 176616
28000 73332
28000 98977
28000 156762
28000 38022
28000 131187
28000 16411
28000 34962
28000 4969
28000 22057
28000 67159
28000 47436
28000 22523
28000 177137
28000 44805
28000 26158
28000 128180
28000 35789
28000 106938
28000 55071
28000 28343
28000 63850
28000 73945
28000 272593
28000 90675
28000 13457
28000 49445
28000 88067
28000 42354
28000 52348
28000 24797
28000 92606
28000 35391
28000 45895
28000 57725
28000 54337
28000 76509
28000 68448
28000 85928
28000 75662
28000 165987
28000 25416
28000 17606
28000 124880
28000 83630
28000 100812
29000 62745
29000 65846
29000 109229
29000 149244
29000 102875
29000 71886
29000 88268
29000 76400
29000 106598
29000 106783
29000 34984
29000 123800
29000 113138
29000 74548
29000 71617
29000 120386
29000 86679
29000 84598
29000 107382
29000 77057
29000 88554
29000 99123
29000 69467
29000 98542
29000 142989
29000 52175
29000 130050
29000 43495
29000 133471
29000 51950
29000 40270
29000 142371
29000 34121
29000 111749
29000 102898
29000 14821
29000 60547
29000 112830
29000 93601
29000 85698
29000 149247
29000 104413
29000 192269
29000 101168
29000 74524
29000 181333
29000 266339
29000 81505
29000 108603
29000 92804
30000 55887
30000 71829
30000 84653
30000 226056
30000 103679
30000 154505
30000 52922
30000 100828
30000 47539
30000 147136
30000 98276
30000 131971
30000 55625
30000 23604
30000 93598
30000 58121
30000 94308
30000 104068
30000 51213
30000 43554
30000 82757
30000 81587
30000 36929
30000 68227
30000 218525
30000 56056
30000 73110
30000 111552
30000 97080
30000 70481
30000 29584
30000 87353
30000 127213
30000 13969
30000 115079
30000 9423
30000 52838
30000 47817
30000 121091
30000 29023
30000 29837
30000 43473
30000 87180
30000 39929
30000 45740
30000 63547
30000 59961
30000 23969
30000 83819
30000 53603
31000 69911
31000 22839
31000 79274
31000 45196
31000 70287
31000 90995
31000 105268
31000 29473
31000 124469
31000 53782
31000 106856
31000 120015
31000 83099
31000 150724
31000 69554
31000 60055
31000 93273
31000 39652
31000 83970
31000 86304
31000 100748
31000 114775
31000 119131
31000 100751
31000 65446
31000 76019
31000 161166
31000 93917
31000 73731
31000 184039
31000 126370
31000 98190
31000 79702
31000 105787
31000 89859
31000 40384
31000 81900
31000 35601
31000 83768
31000 110279
31000 84084
31000 108360
31000 198019
31000 90049
31000 108334
31000 62047
31000 39419
31000 37022
31000 13963
31000 104616
32000 41626
32000 109140
32000 73175
32000 105512
32000 116294
32000 130953
32000 86001
32000 47230
32000 220735
32000 43313
32000 97020
32000 154678
32000 43483
32000 7756
32000 157393
32000 69775
32000 129043
32000 135695
32000 84667
32000 24712
32000 197747
32000 122761
32000 68426
32000 119937
32000 79757
32000 102600
32000 93949
32000 107930
32000 128695
32000 155553
32000 40757
32000 141256
32000 101636
32000 87850
32000 85768
32000 78514
32000 30588
32000 110239
32000 74612
32000 76236
32000 111267
32000 172797
32000 109017
32000 152846
32000 1381
32000 96918
32000 62305
32000 36567
32000 57491
32000 44817
33000 74065
33000 50150
33000 223876
33000 106759
33000 79391
33000 117824
33000 77423
33000 408645
33000 29908
33000 72059
33000 6538
33000 87103
33000 86689
33000 19032
33000 32526
33000 70115
33000 41385
33000 45101
33000 45882
33000 142934
33000 108917
33000 18908
33000 217817
33000 61825
33000 154579
33000 59856
33000 54281
33000 66588
33000 52527
33000 82916
33000 131812
33000 84404
33000 117621
33000 50619
33000 121422
33000 99145
33000 113766
33000 96585
33000 79344
33000 112356
33000 39437
33000 63817
33000 120137
33000 69123
33000 14567
33000 68938
33000 25688
33000 96676
33000 151197
33000 74096
34000 43336
34000 29544
34000 211067
34000 108123
34000 143352
34000 70858
34000 37589
34000 102393
34000 114676
34000 133626
34000 111182
34000 28885
34000 87911
34000 114781
34000 54382
34000 55788
34000 50631
34000 36387
34000 137787
34000 8640
34000 96465
34000 203074
34000 36673
34000 57005
34000 116974
34000 38754
34000 2431
34000 88865
34000 62130
34000 89048
34000 61314
34000 21934
34000 30802
34000 85363
34000 124669
34000 145849
34000 44401
34000 17477
34000 101054
34000 72464
34000 117037
34000 25843
34000 59686
34000 194598
34000 80902
34000 134983
34000 68100
34000 39438
34000 25226
34000 100901
35000 61016
35000 52567
35000 7441
35000 87850
35000 82034
35000 34884
35000 170346
35000 33940
35000 29941
35000 159228
35000 135093
35000 62051
35000 173253
35000 59459
35000 99606
35000 129468
35000 54688
35000 117030
35000 123386
35000 58850
35000 31740
35000 64097
35000 144916
35000 184961
35000 105019
35000 49878
35000 72899
35000 29779
35000 164718
35000 226036
35000 78239
35000 24975
35000 111135
35000 190462
35000 78203
35000 120424
35000 67400
35000 77632
35000 170418
35000 109764
35000 98442
35000 42098
35000 24541
35000 53885
35000 73902
35000 80824
35000 12491
35000 150286
35000 167237
35000 110406
36000 156664
36000 107152
36000 45528
36000 123967
36000 68294
36000 110864
36000 81555
36000 216081
36000 34472
36000 33164
36000 22599
36000 88337
36000 132050
36000 42660
36000 100746
36000 159582
36000 94868
36000 89384
36000 90290
36000 197194
36000 126341
36000 60326
36000 104010
36000 204115
36000 99027
36000 59318
36000 73043
36000 169364
36000 156164
36000 101631
36000 22888
36000 126754
36000 83178
36000 64991
36000 70179
36000 108265
36000 146405
36000 103092
36000 55967
36000 128135
36000 68541
36000 173533
36000 76232
36000 98354
36000 71029
36000 135006
36000 45303
36000 62934
36000 71047
36000 151506
37000 63168
37000 127563
37000 211105
37000 110197
37000 142204
37000 112585
37000 116395
37000 141370
37000 149651
37000 90259
37000 87344
37000 140750
37000 130703
37000 113381
37000 73442
37000 39695
37000 35418
37000 102484
37000 12663
37000 36368
37000 112219
37000 42544
37000 89902
37000 128247
37000 102187
37000 93859
37000 106171
37000 119377
37000 230055
37000 118572
37000 113466
37000 89457
37000 26840
37000 123891
37000 147470
37000 43865
37000 168465
37000 56347
37000 133009
37000 25816
37000 65816
37000 33152
37000 166648
37000 70595
37000 139968
37000 83073
37000 136002
37000 30611
37000 75490
37000 53561
38000 80907
38000 156904
38000 54322
38000 99530
38000 171572
38000 108123
38000 122362
38000 197374
38000 86208
38000 65229
38000 49254
38000 127601
38000 53976
38000 37300
38000 105731
38000 111478
38000 143366
38000 50940
38000 76869
38000 109915
38000 165661
38000 140740
38000 49890
38000 58371
38000 26542
38000 7846
38000 96315
38000 146237
38000 54864
38000 148251
38000 109903
38000 52648
38000 89552
38000 160016
38000 31169
38000 100859
38000 96465
38000 11262
38000 84882
38000 31779
38000 244707
38000 89495
38000 113684
38000 26892
38000 91528
38000 57980
38000 197115
38000 107413
38000 202901
38000 28187
39000 87981
39000 51702
39000 143611
39000 15387
39000 30588
39000 75961
39000 65389
39000 102791
39000 110043
39000 155282
39000 12530
39000 121777
39000 46911
39000 64832
39000 172306
39000 92618
39000 67094
39000 138356
39000 70952
39000 118174
39000 49322
39000 166489
39000 93438
39000 33663
39000 22149
39000 138045
39000 98889
39000 110280
39000 119827
39000 114152
39000 80060
39000 76821
39000 17857
39000 78418
39000 122229
39000 35682
39000 80018
39000 134933
39000 78360
39000 115770
39000 110986
39000 94550
39000 95219
39000 109369
39000 123488
39000 200597
39000 147045
39000 173826
39000 214495
39000 33878
40000 125790
40000 187352
40000 163832
40000 265788
40000 118467
40000 79534
40000 39366
40000 55263
40000 55187
40000 182254
40000 42149
40000 32830
40000 197444
40000 69929
40000 85873
40000 42543
40000 49825
40000 119176
40000 126602
40000 137344
40000 32752
40000 87646
40000 31154
40000 70886
40000 38215
40000 90006
40000 159811
40000 19174
40000 154149
40000 123343
40000 9487
40000 67385
40000 54520
40000 99046
40000 72585
40000 157213
40000 102974
40000 158928
40000 36914
40000 150306
40000 189050
40000 144624
40000 97971
40000 105764
40000 234736
40000 93863
40000 70893
40000 151501
40000 99994
40000 6174
41000 76212
41000 152573
41000 44756
41000 34744
41000 110437
41000 188219
41000 56255
41000 142409
41000 74841
41000 138841
41000 76199
41000 84615
41000 52105
41000 77879
41000 137968
41000 70195
41000 57012
41000 137926
41000 74223
41000 112372
41000 78860
41000 84101
41000 115
41000 29516
41000 145971
41000 131633
41000 14771
41000 89838
41000 179706
41000 208290
41000 46002
41000 121715
41000 133688
41000 106016
41000 157038
41000 5823
41000 40338
41000 114907
41000 34713
41000 29491
41000 130731
41000 42037
41000 90034
41000 136145
41000 115383
41000 142020
41000 134094
41000 71561
41000 128625
41000 241071
42000 141272
42000 77040
42000 53045
42000 153345
42000 142395
42000 62315
42000 90662
42000 136171
42000 133503
42000 37486
42000 39537
42000 94769
42000 105862
42000 128303
42000 4742
42000 102814
42000 138396
42000 88202
42000 81097
42000 207828
42000 35703
42000 72620
42000 90221
42000 120659
42000 21841
42000 117604
42000 119003
42000 49150
42000 134726
42000 105445
42000 185262
42000 124153
42000 30445
42000 131845
42000 56314
42000 37859
42000 93613
42000 187319
42000 205766
42000 67050
42000 136742
42000 13515
42000 62258
42000 73947
42000 163636
42000 98026
42000 89331
42000 210289
42000 126579
42000 73701
43000 245738
43000 175810
43000 224172
43000 47492
43000 48307
43000 151180
43000 166503
43000 231156
43000 65896
43000 177156
43000 45153
43000 390028
43000 231345
43000 137477
43000 53865
43000 40774
43000 174222
43000 124218
43000 40383
43000 272964
43000 265485
43000 210861
43000 50982
43000 123220
43000 35039
43000 141415
43000 192073
43000 127764
43000 2786
43000 75764
43000 4514
43000 129510
43000 58665
43000 159963
43000 92228
43000 95420
43000 105021
43000 114469
43000 147371
43000 116362
43000 53201
43000 202534
43000 175935
43000 68097
43000 45387
43000 165925
43000 202815
43000 140644
43000 88456
43000 64647
44000 139768
44000 123191
44000 139560
44000 250330
44000 122163
44000 206559
44000 172553
44000 125576
44000 106485
44000 135322
44000 70169
44000 330971
44000 94885
44000 90796
44000 68126
44000 115332
44000 127216
44000 259188
44000 232791
44000 111789
44000 69134
44000 114257
44000 137156
44000 32051
44000 44716
44000 88401
44000 123048
44000 170705
44000 266587
44000 221498
44000 199020
44000 4577
44000 143537
44000 198360
44000 142131
44000 25131
44000 157409
44000 87404
44000 77612
44000 153510
44000 45131
44000 68995
44000 115012
44000 187892
44000 83926
44000 117253
44000 151749
44000 253629
44000 67242
44000 27968
45000 166189
45000 96066
45000 97680
45000 97371
45000 154934
45000 74691
45000 36519
45000 163123
45000 29293
45000 78159
45000 110943
45000 11392
45000 247163
45000 168639
45000 88309
45000 132320
45000 155591
45000 154885
45000 174273
45000 91585
45000 91675
45000 199171
45000 155818
45000 109988
45000 129190
45000 50062
45000 171027
45000 83823
45000 168631
45000 143237
45000 60094
45000 108485
45000 226468
45000 133617
45000 53532
45000 91532
45000 160326
45000 80704
45000 118907
45000 78747
45000 237277
45000 31791
45000 210854
45000 174120
45000 42157
45000 197844
45000 43084
45000 81191
45000 112209
45000 75837
46000 96445
46000 92042
46000 12234
46000 157004
46000 19371
46000 202847
46000 65304
46000 202306
46000 7231
46000 45037
46000 107693
46000 95916
46000 38469
46000 96719
46000 127702
46000 82669
46000 96298
46000 126177
46000 239762
46000 168689
46000 137034
46000 111788
46000 135227
46000 147563
46000 169515
46000 143730
46000 157977
46000 19012
46000 23320
46000 195078
46000 259763
46000 27042
46000 118781
46000 84847
46000 115126
46000 94183
46000 178455
46000 254635
46000 85113
46000 109067
46000 40629
46000 127493
46000 117731
46000 98502
46000 162042
46000 104759
46000 182416
46000 116884
46000 283949
46000 118534
47000 106171
47000 92291
47000 127847
47000 129645
47000 8564
47000 124588
47000 162402
47000 397576
47000 146868
47000 67750
47000 110211
47000 78454
47000 77035
47000 72026
47000 117569
47000 134447
47000 115187
47000 149533
47000 83191
47000 168726
47000 140826
47000 67098
47000 78827
47000 52028
47000 3379
47000 145792
47000 239743
47000 252712
47000 87319
47000 166906
47000 86878
47000 178981
47000 114326
47000 139423
47000 186743
47000 33696
47000 86654
47000 82727
47000 99036
47000 88806
47000 83359
47000 65093
47000 264963
47000 152560
47000 74529
47000 110776
47000 212447
47000 125073
47000 218521
47000 19629
48000 153171
48000 192786
48000 60986
48000 66747
48000 105966
48000 259849
48000 117539
48000 280898
48000 72276
48000 112058
48000 156870
48000 87841
48000 97233
48000 216003
48000 169790
48000 277337
48000 70653
48000 109648
48000 141320
48000 158630
48000 154121
48000 302601
48000 30165
48000 12410
48000 211991
48000 88614
48000 141247
48000 165342
48000 194140
48000 215118
48000 128857
48000 81243
48000 98873
48000 193585
48000 183141
48000 92873
48000 93717
48000 12671
48000 125622
48000 189571
48000 176215
48000 66468
48000 279160
48000 227652
48000 15997
48000 58973
48000 184087
48000 100450
48000 95523
48000 188494
49000 103551
49000 22959
49000 98593
49000 1223
49000 130325
49000 133931
49000 196232
49000 34382
49000 165304
49000 97590
49000 73282
49000 53851
49000 115547
49000 162998
49000 52751
49000 226774
49000 123610
49000 2621
49000 106795
49000 60812
49000 90174
49000 85030
49000 164718
49000 218085
49000 49489
49000 186741
49000 14480
49000 75537
49000 12426
49000 183621
49000 105419
49000 81597
49000 112416
49000 66114
49000 150693
49000 170935
49000 14585
49000 71872
49000 152396
49000 46770
49000 228003
49000 155207
49000 34426
49000 197164
49000 67154
49000 146614
49000 129762
49000 172001
49000 29383
49000 34953
50000 85737
50000 144893
50000 282649
50000 251458
50000 34016
50000 133500
50000 164428
50000 11789
50000 107257
50000 227205
50000 6171
50000 125792
50000 35385
50000 136815
50000 236149
50000 117761
50000 62361
50000 341300
50000 185544
50000 241877
50000 112010
50000 88395
50000 114988
50000 161477
50000 261788
50000 23790
50000 135595
50000 89485
50000 247290
50000 145358
50000 174336
50000 126587
50000 165471
50000 20329
50000 267919
50000 137994
50000 120597
50000 168327
50000 46587
50000 90004
50000 178452
50000 75839
50000 86583
50000 233439
50000 97429
50000 264608
50000 81872
50000 61416
50000 63928
50000 148593
51000 65240
51000 159176
51000 316519
51000 231107
51000 105829
51000 115148
51000 197501
51000 153623
51000 195360
51000 108613
51000 119904
51000 150329
51000 198110
51000 124014
51000 104667
51000 163436
51000 261417
51000 205306
51000 13074
51000 102473
51000 204824
51000 302476
51000 100773
51000 95378
51000 172154
51000 113617
51000 152932
51000 83188
51000 220548
51000 21294
51000 48382
51000 116404
51000 203340
51000 173751
51000 83579
51000 256746
51000 97913
51000 140610
51000 124593
51000 54190
51000 217968
51000 132972
51000 158614
51000 57786
51000 69596
51000 212635
51000 258487
51000 193159
51000 152237
51000 77180
52000 153391
52000 40688
52000 96776
52000 120717
52000 141477
52000 77219
52000 163155
52000 204749
52000 44727
52000 224568
52000 62254
52000 142877
52000 27389
52000 146583
52000 70654
52000 61307
52000 168641
52000 148600
52000 148123
52000 246471
52000 160671
52000 60441
52000 71074
52000 5714
52000 45460
52000 60096
52000 256353
52000 36770
52000 61804
52000 199212
52000 233104
52000 110800
52000 171483
52000 157447
52000 238361
52000 24370
52000 270989
52000 146266
52000 86644
52000 136827
52000 5349
52000 21836
52000 148615
52000 91305
52000 205893
52000 52765
52000 187427
52000 60942
52000 38770
52000 125058
53000 290120
53000 207776
53000 248336
53000 135143
53000 246380
53000 309263
53000 106291
53000 242670
53000 130529
53000 142185
53000 153858
53000 124931
53000 52041
53000 193216
53000 180187
53000 166911
53000 236250
53000 18014
53000 86004
53000 300059
53000 221653
53000 228858
53000 142456
53000 152873
53000 189149
53000 142513
53000 109524
53000 284205
53000 182263
53000 175003
53000 218617
53000 96974
53000 229057
53000 73675
53000 2203
53000 157226
53000 136531
53000 215150
53000 73632
53000 225403
53000 152962
53000 156058
53000 197335
53000 151896
53000 294371
53000 240981
53000 105611
53000 143891
53000 65625
53000 93048
54000 153480
54000 145018
54000 104264
54000 186449
54000 102673
54000 177621
54000 110512
54000 240392
54000 125764
54000 44903
54000 93058
54000 169714
54000 163679
54000 247947
54000 78211
54000 80902
54000 124195
54000 192523
54000 129377
54000 115472
54000 22132
54000 191918
54000 228803
54000 118708
54000 206854
54000 189542
54000 36553
54000 206219
54000 145152
54000 77382
54000 250697
54000 118267
54000 129260
54000 99362
54000 212432
54000 86834
54000 128542
54000 112843
54000 43554
54000 81294
54000 305302
54000 90801
54000 43838
54000 45769
54000 209613
54000 152801
54000 151178
54000 15431
54000 153165
54000 93557
55000 128975
55000 70855
55000 255294
55000 141764
55000 23110
55000 238211
55000 332738
55000 250965
55000 167371
55000 91516
55000 83959
55000 284887
55000 113922
55000 233390
55000 27506
55000 196683
55000 204997
55000 26711
55000 286108
55000 94308
55000 101046
55000 351538
55000 32696
55000 141857
55000 129563
55000 126395
55000 255049
55000 150551
55000 176248
55000 150903
55000 197941
55000 78848
55000 105166
55000 221683
55000 117607
55000 19333
55000 114995
55000 144359
55000 90151
55000 167231
55000 165582
55000 241722
55000 27844
55000 116440
55000 196672
55000 309325
55000 69934
55000 24367
55000 167454
55000 68056
56000 207193
56000 162910
56000 85671
56000 21943
56000 181904
56000 89454
56000 72550
56000 168806
56000 173657
56000 144865
56000 218163
56000 107308
56000 3434
56000 220738
56000 215698
56000 144212
56000 193668
56000 111683
56000 199773
56000 108856
56000 102568
56000 104286
56000 90369
56000 47361
56000 143351
56000 176231
56000 280834
56000 190174
56000 29465
56000 236988
56000 172784
56000 263519
56000 301836
56000 26862
56000 189481
56000 267309
56000 140224
56000 274730
56000 379432
56000 313591
56000 271562
56000 251440
56000 8013
56000 138631
56000 132083
56000 122342
56000 113106
56000 97088
56000 176617
56000 18294
57000 174410
57000 139955
57000 96172
57000 132075
57000 208663
57000 95685
57000 177075
57000 277199
57000 72288
57000 92175
57000 192073
57000 46834
57000 243260
57000 104829
57000 176632
57000 202931
57000 197571
57000 234698
57000 117095
57000 21517
57000 131646
57000 114091
57000 217626
57000 87303
57000 255948
57000 86913
57000 200635
57000 82350
57000 144959
57000 27010
57000 106102
57000 228290
57000 213712
57000 22699
57000 167614
57000 68079
57000 81995
57000 185685
57000 189122
57000 253160
57000 81864
57000 228909
57000 138615
57000 131555
57000 75362
57000 288840
57000 105936
57000 249257
57000 23619
57000 117921
58000 10845
58000 88602
58000 71208
58000 87527
58000 178679
58000 231139
58000 25184
58000 79789
58000 9286
58000 136705
58000 121924
58000 262561
58000 218445
58000 178563
58000 131798
58000 17386
58000 145292
58000 99962
58000 77296
58000 317061
58000 73306
58000 111317
58000 191725
58000 213266
58000 170959
58000 285736
58000 158962
58000 29592
58000 141572
58000 169697
58000 70269
58000 148169
58000 131393
58000 339002
58000 146921
58000 343850
58000 229460
58000 116728
58000 300540
58000 5684
58000 161744
58000 95593
58000 187013
58000 221788
58000 55694
58000 258742
58000 174228
58000 223679
58000 72066
58000 92515
59000 47643
59000 251419
59000 161086
59000 106041
59000 11082
59000 325207
59000 245246
59000 185623
59000 149881
59000 104088
59000 214337
59000 77048
59000 171094
59000 71800
59000 209165
59000 73825
59000 251052
59000 279713
59000 11778
59000 71845
59000 35612
59000 106144
59000 149606
59000 77554
59000 101635
59000 245331
59000 141412
59000 172582
59000 87682
59000 172654
59000 102651
59000 303061
59000 243822
59000 155782
59000 91537
59000 245534
59000 49948
59000 17070
59000 109889
59000 146063
59000 185986
59000 11781
59000 98735
59000 325687
59000 142673
59000 64089
59000 180742
59000 109780
59000 126024
59000 219464
60000 238972
60000 18155
60000 72496
60000 219002
60000 143926
60000 93526
60000 139559
60000 93821
60000 216779
60000 118254
60000 229893
60000 156396
60000 195997
60000 102016
60000 360036
60000 84298
60000 186007
60000 265207
60000 328573
60000 109095
60000 287226
60000 121567
60000 94290
60000 173075
60000 239501
60000 32329
60000 263190
60000 122377
60000 90418
60000 227128
60000 113060
60000 103769
60000 202092
60000 24546
60000 117158
60000 79023
60000 173141
60000 99068
60000 159834
60000 71697
60000 35205
60000 131692
60000 144431
60000 214165
60000 81351
60000 356870
60000 370426
60000 128343
60000 97738
60000 171465
61000 157333
61000 223645
61000 186100
61000 144717
61000 53242
61000 62653
61000 121740
61000 496193
61000 106442
61000 139801
61000 180828
61000 216968
61000 228871
61000 231964
61000 112833
61000 32731
61000 226139
61000 128826
61000 281550
61000 146463
61000 256917
61000 62523
61000 209341
61000 68852
61000 254574
61000 128489
61000 182910
61000 251772
61000 190584
61000 126444
61000 311559
61000 193915
61000 344223
61000 96944
61000 60001
61000 216396
61000 53389
61000 86410
61000 127086
61000 261745
61000 162830
61000 37750
61000 194653
61000 54233
61000 92427
61000 239904
61000 52898
61000 470954
61000 150647
61000 164184
62000 111345
62000 215791
62000 167932
62000 276329
62000 269700
62000 254754
62000 235231
62000 56170
62000 173325
62000 302758
62000 136292
62000 210057
62000 132693
62000 241579
62000 41617
62000 279444
62000 171149
62000 41803
62000 126519
62000 235221
62000 317672
62000 70753
62000 322309
62000 82007
62000 63581
62000 319573
62000 23682
62000 182369
62000 266314
62000 208280
62000 85060
62000 147828
62000 201992
62000 264782
62000 100164
62000 189896
62000 257289
62000 128427
62000 195370
62000 208738
62000 3068
62000 94217
62000 396976
62000 139268
62000 86725
62000 226008
62000 211386
62000 143204
62000 285267
62000 20340
63000 113065
63000 225976
63000 136707
63000 241860
63000 84269
63000 66963
63000 50968
63000 238685
63000 169651
63000 218183
63000 2076
63000 143272
63000 224532
63000 143009
63000 221334
63000 13413
63000 96880
63000 234379
63000 361757
63000 236676
63000 109183
63000 130571
63000 167854
63000 144917
63000 124857
63000 49956
63000 73115
63000 182858
63000 151950
63000 281084
63000 114283
63000 45755
63000 105516
63000 111817
63000 56805
63000 52229
63000 116273
63000 272151
63000 107219
63000 282008
63000 181836
63000 51679
63000 269028
63000 177666
63000 380820
63000 306065
63000 292332
63000 129899
63000 116239
63000 135463
64000 245982
64000 260923
64000 183595
64000 92067
64000 251255
64000 20938
64000 47934
64000 72339
64000 140989
64000 107818
64000 1702
64000 150710
64000 283876
64000 245022
64000 63524
64000 205119
64000 131490
64000 64361
64000 180150
64000 167724
64000 217468
64000 146502
64000 67179
64000 30072
64000 53015
64000 157183
64000 47332
64000 157764
64000 410029
64000 217193
64000 131469
64000 126162
64000 300868
64000 84019
64000 154419
64000 276889
64000 114471
64000 350197
64000 197356
64000 156356
64000 211199
64000 149671
64000 257460
64000 175632
64000 252729
64000 189899
64000 203660
64000 121304
64000 247331
64000 270301
65000 156894
65000 256402
65000 212321
65000 179338
65000 190333
65000 139417
65000 149176
65000 33100
65000 95988
65000 288105
65000 158136
65000 247120
65000 172724
65000 90862
65000 87474
65000 151044
65000 81081
65000 244472
65000 328926
65000 80911
65000 167411
65000 123979
65000 283603
65000 61939
65000 51233
65000 150708
65000 330748
65000 318121
65000 132761
65000 116903
65000 251437
65000 6777
65000 174940
65000 112441
65000 315970
65000 39206
65000 187852
65000 54915
65000 190808
65000 14654
65000 158128
65000 116125
65000 120810
65000 18104
65000 14403
65000 508584
65000 167454
65000 83712
65000 117565
65000 156135
66000 357055
66000 291920
66000 110274
66000 411963
66000 76583
66000 186174
66000 145257
66000 142337
66000 125499
66000 186601
66000 164206
66000 209026
66000 92043
66000 156261
66000 248278
66000 228048
66000 351800
66000 140320
66000 179279
66000 310293
66000 213259
66000 230810
66000 143897
66000 101808
66000 166667
66000 68400
66000 245777
66000 62254
66000 48553
66000 207975
66000 240217
66000 91292
66000 221443
66000 241761
66000 171574
66000 126906
66000 207963
66000 117029
66000 76877
66000 88101
66000 168280
66000 144930
66000 44823
66000 344452
66000 281768
66000 164134
66000 351825
66000 113358
66000 183303
66000 94526
67000 24982
67000 21581
67000 73474
67000 249369
67000 103881
67000 144532
67000 202391
67000 176436
67000 170600
67000 156985
67000 195790
67000 365367
67000 268518
67000 126900
67000 63414
67000 56435
67000 225149
67000 143685
67000 204091
67000 149336
67000 114763
67000 310171
67000 262475
67000 161720
67000 77889
67000 31225
67000 179605
67000 302560
67000 56707
67000 392840
67000 55949
67000 144950
67000 173937
67000 193096
67000 205496
67000 242581
67000 350195
67000 330353
67000 113456
67000 143943
67000 166270
67000 249788
67000 127973
67000 89791
67000 78355
67000 81799
67000 177723
67000 248539
67000 286399
67000 70370
68000 280574
68000 79978
68000 102189
68000 157368
68000 140592
68000 26565
68000 434655
68000 369538
68000 121911
68000 285140
68000 99395
68000 245263
68000 288983
68000 59212
68000 108066
68000 204185
68000 250567
68000 118911
68000 262340
68000 215571
68000 64011
68000 219797
68000 145419
68000 248328
68000 328617
68000 195700
68000 479425
68000 2676
68000 180956
68000 214394
68000 244594
68000 208668
68000 264061
68000 180731
68000 312918
68000 58899
68000 181909
68000 96956
68000 332735
68000 51025
68000 139162
68000 165253
68000 261901
68000 232535
68000 72045
68000 156930
68000 237502
68000 103646
68000 134504
68000 225869
69000 263724
69000 181999
69000 208160
69000 86030
69000 234841
69000 146112
69000 113396
69000 302919
69000 224758
69000 161102
69000 169864
69000 263654
69000 62297
69000 104265
69000 172705
69000 98997
69000 183496
69000 393669
69000 302040
69000 125785
69000 251455
69000 181063
69000 170305
69000 203073
69000 74781
69000 446888
69000 189172
69000 341560
69000 147583
69000 6246
69000 134243
69000 315533
69000 233824
69000 25648
69000 61051
69000 179369
69000 193259
69000 81801
69000 74882
69000 248443
69000 368763
69000 124797
69000 252647
69000 190208
69000 101023
69000 63683
69000 72444
69000 115594
69000 314434
69000 110287
70000 165434
70000 180858
70000 98302
70000 217515
70000 136141
70000 286833
70000 94625
70000 525228
70000 48142
70000 262643
70000 239316
70000 222932
70000 137676
70000 192935
70000 193878
70000 279685
70000 234542
70000 206470
70000 303932
70000 161785
70000 312138
70000 190031
70000 144727
70000 233433
70000 152612
70000 291085
70000 328913
70000 262846
70000 280928
70000 238024
70000 187239
70000 252920
70000 261253
70000 112402
70000 163565
70000 185429
70000 196225
70000 94343
70000 337323
70000 245160
70000 235550
70000 123121
70000 248233
70000 124716
70000 88326
70000 77320
70000 268895
70000 202766
70000 306628
70000 153234
71000 195553
71000 193883
71000 72137
71000 334646
71000 153557
71000 234230
71000 75149
71000 249933
71000 339114
71000 118411
71000 75145
71000 301006
71000 408618
71000 440090
71000 253472
71000 187420
71000 124167
71000 232978
71000 248984
71000 208132
71000 64357
71000 278384
71000 129962
71000 75816
71000 361278
71000 125444
71000 189982
71000 93286
71000 187382
71000 130134
71000 211408
71000 206551
71000 98171
71000 190093
71000 177243
71000 155288
71000 255450
71000 130236
71000 167236
71000 153276
71000 98195
71000 317006
71000 65249
71000 6140
71000 312112
71000 160206
71000 180177
71000 95816
71000 327206
71000 207157
72000 26902
72000 201830
72000 89709
72000 225651
72000 66194
72000 202985
72000 75060
72000 328428
72000 160152
72000 69045
72000 29617
72000 181640
72000 77361
72000 301487
72000 128241
72000 23192
72000 149497
72000 174266
72000 157277
72000 233559
72000 211048
72000 96084
72000 122957
72000 289284
72000 221285
72000 113942
72000 174200
72000 190201
72000 80571
72000 210083
72000 349938
72000 258133
72000 134344
72000 191413
72000 99905
72000 270884
72000 415872
72000 209944
72000 7944
72000 203312
72000 131465
72000 69737
72000 127836
72000 106513
72000 317612
72000 8555
72000 208416
72000 148254
72000 183432
72000 186557
73000 183925
73000 181332
73000 119907
73000 233860
73000 249529
73000 337934
73000 219001
73000 251042
73000 174674
73000 71402
73000 155094
73000 96777
73000 66693
73000 247319
73000 319559
73000 117125
73000 134165
73000 90023
73000 184077
73000 271059
73000 109561
73000 164961
73000 297
73000 239224
73000 382078
73000 52737
73000 177033
73000 186843
73000 208340
73000 69404
73000 97964
73000 30293
73000 240551
73000 71582
73000 323505
73000 121661
73000 164225
73000 164204
73000 266395
73000 354963
73000 194496
73000 65352
73000 244792
73000 236993
73000 355543
73000 81264
73000 349790
73000 114851
73000 59695
73000 138842
74000 144208
74000 232386
74000 76450
74000 118655
74000 102737
74000 177200
74000 164990
74000 269336
74000 216117
74000 180699
74000 110510
74000 62039
74000 93615
74000 314511
74000 166191
74000 119348
74000 277645
74000 291270
74000 210574
74000 276262
74000 88135
74000 404805
74000 154904
74000 281053
74000 105806
74000 511465
74000 341110
74000 277543
74000 329111
74000 331167
74000 158096
74000 324178
74000 269752
74000 330421
74000 150588
74000 239097
74000 204276
74000 209493
74000 220968
74000 296702
74000 202787
74000 169133
74000 113330
74000 394372
74000 128173
74000 185757
74000 575318
74000 175243
74000 564273
74000 111475
75000 180
75000 157216
75000 259058
75000 237962
75000 316658
75000 151576
75000 178942
75000 408016
75000 156561
75000 243102
75000 546928
75000 228984
75000 444618
75000 209091
75000 246759
75000 103593
75000 180361
75000 27284
75000 104813
75000 540373
75000 191386
75000 341686
75000 362602
75000 329306
75000 325155
75000 119576
75000 281808
75000 212510
75000 153105
75000 259432
75000 99379
75000 219530
75000 150225
75000 223668
75000 220642
75000 179619
75000 424695
75000 136497
75000 232024
75000 308198
75000 31454
75000 136410
75000 311166
75000 44111
75000 242094
75000 105620
75000 312796
75000 156495
75000 55677
75000 87757
76000 122790
76000 216916
76000 263415
76000 360901
76000 302411
76000 354019
76000 83909
76000 55301
76000 118648
76000 212780
76000 321474
76000 304229
76000 78153
76000 55073
76000 263045
76000 177132
76000 24190
76000 169281
76000 165973
76000 262042
76000 60027
76000 226851
76000 306729
76000 78218
76000 69417
76000 175803
76000 221915
76000 330184
76000 139343
76000 133567
76000 211674
76000 497016
76000 141263
76000 137937
76000 189533
76000 191529
76000 279661
76000 59047
76000 282998
76000 89668
76000 235585
76000 156835
76000 84281
76000 207296
76000 221370
76000 188974
76000 101014
76000 149067
76000 229772
76000 293999
77000 225477
77000 211757
77000 153164
77000 21989
77000 364335
77000 88717
77000 484133
77000 132894
77000 234404
77000 92171
77000 345871
77000 257320
77000 311981
77000 368332
77000 151571
77000 175794
77000 341530
77000 324975
77000 112840
77000 275496
77000 121261
77000 154830
77000 146760
77000 376911
77000 82174
77000 245176
77000 345665
77000 403909
77000 144815
77000 214381
77000 358408
77000 139053
77000 153245
77000 186475
77000 243370
77000 111645
77000 72075
77000 228751
77000 244703
77000 50071
77000 245271
77000 105476
77000 120636
77000 123552
77000 339462
77000 105158
77000 88753
77000 20248
77000 134740
77000 261950
78000 55665
78000 246550
78000 372577
78000 140151
78000 295952
78000 168451
78000 231241
78000 205493
78000 307261
78000 104017
78000 120938
78000 215270
78000 161701
78000 306189
78000 249908
78000 229781
78000 132831
78000 209746
78000 157121
78000 270261
78000 194335
78000 212344
78000 274383
78000 239157
78000 311648
78000 188413
78000 56755
78000 45439
78000 187536
78000 357564
78000 139859
78000 386780
78000 250680
78000 139857
78000 306336
78000 238373
78000 216571
78000 214612
78000 191508
78000 182056
78000 273532
78000 175216
78000 229698
78000 151691
78000 268093
78000 212750
78000 326590
78000 282103
78000 136055
78000 24598
79000 146446
79000 103909
79000 130788
79000 233179
79000 193469
79000 141164
79000 237673
79000 228010
79000 145525
79000 203389
79000 104365
79000 147526
79000 347401
79000 255680
79000 267198
79000 129492
79000 208593
79000 141484
79000 293810
79000 198941
79000 290912
79000 113725
79000 341058
79000 316513
79000 121322
79000 191191
79000 121166
79000 146952
79000 234309
79000 286935
79000 49395
79000 242755
79000 267269
79000 225393
79000 89700
79000 213479
79000 239173
79000 38279
79000 23712
79000 319727
79000 201343
79000 396659
79000 53802
79000 2143
79000 54547
79000 28990
79000 177408
79000 399457
79000 289889
79000 329160
80000 16868
80000 164690
80000 130954
80000 161023
80000 152670
80000 220562
80000 336576
80000 270411
80000 76949
80000 105362
80000 102023
80000 217064
80000 174940
80000 189565
80000 260583
80000 357349
80000 208008
80000 429583
80000 254442
80000 290378
80000 237748
80000 210730
80000 274785
80000 174235
80000 56334
80000 78520
80000 232059
80000 276901
80000 220806
80000 196462
80000 378397
80000 106721
80000 66406
80000 346205
80000 156188
80000 276040
80000 443588
80000 432344
80000 200037
80000 78051
80000 387681
80000 345347
80000 206608
80000 273525
80000 182140
80000 274861
80000 94235
80000 205486
80000 444368
80000 172620
81000 367402
81000 337080
81000 112669
81000 349642
81000 164424
81000 390264
81000 65719
81000 73391
81000 290869
81000 135363
81000 302131
81000 86841
81000 190379
81000 151471
81000 384835
81000 318994
81000 294682
81000 135391
81000 77555
81000 157614
81000 206477
81000 161132
81000 415295
81000 260921
81000 381693
81000 367225
81000 218546
81000 177212
81000 553833
81000 174374
81000 270881
81000 264258
81000 256602
81000 103456
81000 160856
81000 560175
81000 143495
81000 212904
81000 101852
81000 277945
81000 253250
81000 300695
81000 418953
81000 134787
81000 121667
81000 214426
81000 209722
81000 289361
81000 305851
81000 203286
82000 271127
82000 321469
82000 183014
82000 432274
82000 206220
82000 204611
82000 465306
82000 129240
82000 38398
82000 222402
82000 122646
82000 32384
82000 235569
82000 20869
82000 230568
82000 196419
82000 92151
82000 329392
82000 14027
82000 464065
82000 128993
82000 398264
82000 177250
82000 260436
82000 341754
82000 76813
82000 239541
82000 155558
82000 163195
82000 355243
82000 111879
82000 148857
82000 309997
82000 494712
82000 278356
82000 115057
82000 71223
82000 197893
82000 213542
82000 97858
82000 319371
82000 368354
82000 233201
82000 355768
82000 199724
82000 171063
82000 128996
82000 123544
82000 183257
82000 72801
83000 168455
83000 378651
83000 160894
83000 109458
83000 255790
83000 406808
83000 51634
83000 99612
83000 161712
83000 287045
83000 187459
83000 45897
83000 105421
83000 372961
83000 319535
83000 186700
83000 140879
83000 457256
83000 663605
83000 248207
83000 325466
83000 103120
83000 546001
83000 268098
83000 161991
83000 144043
83000 172821
83000 160227
83000 312730
83000 395184
83000 344013
83000 156522
83000 268640
83000 290618
83000 273527
83000 384935
83000 319481
83000 413804
83000 199550
83000 92149
83000 195787
83000 191526
83000 300930
83000 277768
83000 211423
83000 219870
83000 138548
83000 268958
83000 90427
83000 338148
84000 377051
84000 182687
84000 338145
84000 247744
84000 178027
84000 186518
84000 281634
84000 141391
84000 162502
84000 92587
84000 186877
84000 236385
84000 147138
84000 189188
84000 306111
84000 182616
84000 348038
84000 82070
84000 477345
84000 344029
84000 272670
84000 370024
84000 348241
84000 235993
84000 107000
84000 493687
84000 92773
84000 217917
84000 109114
84000 148191
84000 82825
84000 405305
84000 26247
84000 168711
84000 106693
84000 292166
84000 222488
84000 504144
84000 278235
84000 178952
84000 134335
84000 408434
84000 229673
84000 283543
84000 194900
84000 140088
84000 275668
84000 392562
84000 323349
84000 287660
85000 313474
85000 243576
85000 262918
85000 225771
85000 155105
85000 236198
85000 11040
85000 323657
85000 217612
85000 194719
85000 6830
85000 132825
85000 107604
85000 68264
85000 155510
85000 213596
85000 155927
85000 128725
85000 173465
85000 23404
85000 6381
85000 589715
85000 267453
85000 189610
85000 351172
85000 288986
85000 3039
85000 217914
85000 124692
85000 327232
85000 369295
85000 284440
85000 185548
85000 64889
85000 30199
85000 285384
85000 158422
85000 307811
85000 215563
85000 288667
85000 274025
85000 76018
85000 88538
85000 476667
85000 318828
85000 274427
85000 328033
85000 332422
85000 73905
85000 293143
86000 144906
86000 226909
86000 234570
86000 254835
86000 506737
86000 327247
86000 165475
86000 402423
86000 229976
86000 147166
86000 128790
86000 278739
86000 254634
86000 265633
86000 320134
86000 242790
86000 80958
86000 204572
86000 144444
86000 787613
86000 198297
86000 271099
86000 243637
86000 90354
86000 162043
86000 453404
86000 160187
86000 108429
86000 253533
86000 104173
86000 422235
86000 45022
86000 149254
86000 209990
86000 117813
86000 317597
86000 472634
86000 410212
86000 149193
86000 162527
86000 357390
86000 381780
86000 336444
86000 197812
86000 66278
86000 67736
86000 310136
86000 82180
86000 251724
86000 131670
87000 161310
87000 221949
87000 115568
87000 368794
87000 115163
87000 86573
87000 190918
87000 240799
87000 126914
87000 416480
87000 380420
87000 143256
87000 76973
87000 206312
87000 680223
87000 79105
87000 317506
87000 149370
87000 52571
87000 338245
87000 12438
87000 144618
87000 420490
87000 208496
87000 86231
87000 320299
87000 416672
87000 269955
87000 207835
87000 118873
87000 304784
87000 250696
87000 135301
87000 59060
87000 367038
87000 397666
87000 511475
87000 216246
87000 86676
87000 77303
87000 258317
87000 171078
87000 246245
87000 253011
87000 237415
87000 100944
87000 154723
87000 108433
87000 251033
87000 304475
88000 236852
88000 243519
88000 222144
88000 156848
88000 168727
88000 451396
88000 160154
88000 94428
88000 176568
88000 316350
88000 309549
88000 77181
88000 476437
88000 65712
88000 328883
88000 95084
88000 490805
88000 210477
88000 152768
88000 275990
88000 112298
88000 219941
88000 359253
88000 388573
88000 178794
88000 304453
88000 82856
88000 262404
88000 95443
88000 342981
88000 223083
88000 28453
88000 445009
88000 177264
88000 331685
88000 193364
88000 202455
88000 262556
88000 42548
88000 231261
88000 415328
88000 355564
88000 295378
88000 203661
88000 303221
88000 179002
88000 303160
88000 351612
88000 653276
88000 274961
89000 154346
89000 326335
89000 219355
89000 220154
89000 19223
89000 159019
89000 173217
89000 150341
89000 130153
89000 32502
89000 111005
89000 102438
89000 186497
89000 133999
89000 182595
89000 40041
89000 499670
89000 333148
89000 332627
89000 214874
89000 129920
89000 73313
89000 617641
89000 420018
89000 60514
89000 171394
89000 123789
89000 196367
89000 123618
89000 262705
89000 250972
89000 95502
89000 510871
89000 154937
89000 281663
89000 258104
89000 147015
89000 601811
89000 142670
89000 337798
89000 590915
89000 305266
89000 290597
89000 395845
89000 90197
89000 310488
89000 164060
89000 10439
89000 194632
89000 133460
90000 36392
90000 252287
90000 328305
90000 44894
90000 23839
90000 99522
90000 141045
90000 450552
90000 509139
90000 147730
90000 44474
90000 293796
90000 212237
90000 271307
90000 227723
90000 245172
90000 424483
90000 336574
90000 185264
90000 264682
90000 188908
90000 92889
90000 278185
90000 97520
90000 124283
90000 10438
90000 307296
90000 506194
90000 367201
90000 311426
90000 308522
90000 348856
90000 366531
90000 267193
90000 238370
90000 28506
90000 233916
90000 326538
90000 98965
90000 389543
90000 99544
90000 101975
90000 203419
90000 580407
90000 303483
90000 107656
90000 178495
90000 314588
90000 216506
90000 118193
91000 6668
91000 89297
91000 259171
91000 260136
91000 314199
91000 177381
91000 240699
91000 241560
91000 300913
91000 103023
91000 311681
91000 76735
91000 100491
91000 482670
91000 281422
91000 251137
91000 249579
91000 61074
91000 234658
91000 249659
91000 34999
91000 301614
91000 161913
91000 408705
91000 243668
91000 192571
91000 473596
91000 312996
91000 292137
91000 180034
91000 90035
91000 288980
91000 111098
91000 558265
91000 15504
91000 357675
91000 210545
91000 399751
91000 338689
91000 92495
91000 243942
91000 232751
91000 396816
91000 569869
91000 312505
91000 190397
91000 290774
91000 263578
91000 582725
91000 259261
92000 89790
92000 176066
92000 353842
92000 242352
92000 472523
92000 395370
92000 255276
92000 32459
92000 231202
92000 71497
92000 45341
92000 198528
92000 544211
92000 199560
92000 232666
92000 278144
92000 183194
92000 128466
92000 261058
92000 243901
92000 248174
92000 346678
92000 316029
92000 235484
92000 420752
92000 382099
92000 382811
92000 224609
92000 196425
92000 298748
92000 354630
92000 7417
92000 358120
92000 256945
92000 268473
92000 180671
92000 385152
92000 172518
92000 42147
92000 55633
92000 59929
92000 371203
92000 72502
92000 318912
92000 415387
92000 273726
92000 512565
92000 188482
92000 79358
92000 226880
93000 299545
93000 266660
93000 308756
93000 97116
93000 106835
93000 432745
93000 399151
93000 333860
93000 201176
93000 214096
93000 79136
93000 177456
93000 185486
93000 581381
93000 106694
93000 212166
93000 347681
93000 191900
93000 34701
93000 209507
93000 110483
93000 295481
93000 393955
93000 471801
93000 294534
93000 438572
93000 115698
93000 62623
93000 153552
93000 286868
93000 218416
93000 316799
93000 288408
93000 457426
93000 194216
93000 132435
93000 336264
93000 230173
93000 184522
93000 63767
93000 5391
93000 176790
93000 365968
93000 175155
93000 38950
93000 86009
93000 217912
93000 137171
93000 162039
93000 163061
94000 7048
94000 394054
94000 133961
94000 163140
94000 363906
94000 41491
94000 174335
94000 264571
94000 279241
94000 254543
94000 46325
94000 225797
94000 270770
94000 434502
94000 320906
94000 99046
94000 78681
94000 368878
94000 302746
94000 171780
94000 30952
94000 44696
94000 123212
94000 247829
94000 450287
94000 188701
94000 401591
94000 464212
94000 239940
94000 418523
94000 411478
94000 108975
94000 130488
94000 285440
94000 165624
94000 510589
94000 173724
94000 200396
94000 199735
94000 479133
94000 439043
94000 141073
94000 267718
94000 315479
94000 436807
94000 289902
94000 297111
94000 97583
94000 425958
94000 135914
95000 176465
95000 172244
95000 305797
95000 419495
95000 25098
95000 426890
95000 206857
95000 146826
95000 345450
95000 77992
95000 423925
95000 92530
95000 174851
95000 202521
95000 75872
95000 256301
95000 671576
95000 232669
95000 182643
95000 317071
95000 163238
95000 106800
95000 393321
95000 255147
95000 493715
95000 238660
95000 263269
95000 208211
95000 151919
95000 436523
95000 245021
95000 18759
95000 175749
95000 379319
95000 438167
95000 112909
95000 186600
95000 454796
95000 503959
95000 219484
95000 172335
95000 371791
95000 290450
95000 100373
95000 216006
95000 333159
95000 263500
95000 138899
95000 215365
95000 90793
96000 391094
96000 576732
96000 301451
96000 151491
96000 279647
96000 68339
96000 72899
96000 68269
96000 258992
96000 217573
96000 47306
96000 225574
96000 358017
96000 193992
96000 432695
96000 117891
96000 421210
96000 462808
96000 100330
96000 281466
96000 479710
96000 71145
96000 428732
96000 116543
96000 9412
96000 103263
96000 251637
96000 303118
96000 223280
96000 337083
96000 206027
96000 83337
96000 371446
96000 325880
96000 565125
96000 80888
96000 42171
96000 356209
96000 100643
96000 76294
96000 191937
96000 176945
96000 216732
96000 379548
96000 585000
96000 112875
96000 142185
96000 224285
96000 74307
96000 155440
97000 87077
97000 213603
97000 203320
97000 36469
97000 375839
97000 76896
97000 223845
97000 466384
97000 173738
97000 157296
97000 168611
97000 99694
97000 239639
97000 394351
97000 222176
97000 111319
97000 256651
97000 129853
97000 279042
97000 341357
97000 181188
97000 380532
97000 282551
97000 431884
97000 225523
97000 137329
97000 347695
97000 226176
97000 216565
97000 213399
97000 236904
97000 293440
97000 184371
97000 267550
97000 229176
97000 273989
97000 245478
97000 42766
97000 171697
97000 83560
97000 87013
97000 185337
97000 184396
97000 219997
97000 131515
97000 331683
97000 254305
97000 461605
97000 621916
97000 276828
98000 361183
98000 275494
98000 39872
98000 386909
98000 21162
98000 493081
98000 81082
98000 430836
98000 64969
98000 32210
98000 48470
98000 288028
98000 148104
98000 480260
98000 216877
98000 144262
98000 293288
98000 288826
98000 182754
98000 261766
98000 105165
98000 450148
98000 40292
98000 164573
98000 45931
98000 413279
98000 195929
98000 388662
98000 177011
98000 40602
98000 379295
98000 304402
98000 209371
98000 129085
98000 427161
98000 341104
98000 111968
98000 143499
98000 138574
98000 470782
98000 110365
98000 287292
98000 286666
98000 411274
98000 329240
98000 393582
98000 494157
98000 229128
98000 26996
98000 406231
99000 536872
99000 281166
99000 228193
99000 509243
99000 77284
99000 206653
99000 280771
99000 315233
99000 389193
99000 150117
99000 136553
99000 332877
99000 266004
99000 208973
99000 240414
99000 295789
99000 262373
99000 132807
99000 507979
99000 238563
99000 327832
99000 169467
99000 415031
99000 28451
99000 223607
99000 149075
99000 458102
99000 421547
99000 206815
99000 124225
99000 226390
99000 86935
99000 312567
99000 513518
99000 518675
99000 195921
99000 68846
99000 291592
99000 212949
99000 131865
99000 165194
99000 339069
99000 481325
99000 321829
99000 207309
99000 270232
99000 114032
99000 240377
99000 459412
99000 355711
100000 7356
100000 258351
100000 99135
100000 154176
100000 26585
100000 188225
100000 231517
100000 138999
100000 205005
100000 294575
100000 166746
100000 288548
100000 220820
100000 169255
100000 155930
100000 143612
100000 197924
100000 391316
100000 194256
100000 174525
100000 115248
100000 429371
100000 240719
100000 408085
100000 215040
100000 113976
100000 375668
100000 297271
100000 402002
100000 315834
100000 417218
100000 482820
100000 55488
100000 132641
100000 407971
100000 126160
100000 307375
100000 548986
100000 31001
100000 224322
100000 279254
100000 196922
100000 147857
100000 267902
100000 443242
100000 92301
100000 186962
100000 563490
100000 674990
100000 278064
