1000 11434
1000 11182
1000 8324
1000 8694
1000 13207
1000 8276
1000 10213
1000 10375
1000 9490
1000 9297
1000 9912
1000 7831
1000 10895
1000 9105
1000 9100
1000 8286
1000 8203
1000 9073
1000 7961
1000 10433
1000 10059
1000 9771
1000 9508
1000 9476
1000 10197
1000 11723
1000 10394
1000 9289
1000 8956
1000 8939
1000 10389
1000 10483
1000 7899
1000 10205
1000 9176
1000 9982
1000 8166
1000 11542
1000 12112
1000 11319
1000 12638
1000 10602
1000 11510
1000 11048
1000 8313
1000 13788
1000 10932
1000 10792
1000 8426
1000 8086
2000 20194
2000 29029
2000 19271
2000 24379
2000 21964
2000 22143
2000 17233
2000 27798
2000 22674
2000 19362
2000 21287
2000 16607
2000 20573
2000 21017
2000 20314
2000 18169
2000 20097
2000 19558
2000 22728
2000 20595
2000 19092
2000 26132
2000 19057
2000 23151
2000 17732
2000 21664
2000 22481
2000 21670
2000 21695
2000 20876
2000 20988
2000 18399
2000 18564
2000 22424
2000 23422
2000 24052
2000 20712
2000 26471
2000 27060
2000 16992
2000 29356
2000 19772
2000 21470
2000 22542
2000 18392
2000 20212
2000 22619
2000 25764
2000 23556
2000 20605
3000 33345
3000 31445
3000 38934
3000 27134
3000 34548
3000 34486
3000 41811
3000 32031
3000 34822
3000 34893
3000 36808
3000 34087
3000 28766
3000 29355
3000 31749
3000 45020
3000 37379
3000 37661
3000 29884
3000 34027
3000 32900
3000 26592
3000 30484
3000 31181
3000 33630
3000 32715
3000 34385
3000 37118
3000 53576
3000 34344
3000 34045
3000 31601
3000 30741
3000 30109
3000 33696
3000 30941
3000 29664
3000 27018
3000 29317
3000 30131
3000 43478
3000 39186
3000 39133
3000 36130
3000 31567
3000 29634
3000 31134
3000 33161
3000 31581
3000 32209
4000 46882
4000 40326
4000 41997
4000 46251
4000 45707
4000 36940
4000 45962
4000 53891
4000 42720
4000 40788
4000 48120
4000 40689
4000 41594
4000 47147
4000 46590
4000 47488
4000 42438
4000 42181
4000 46806
4000 42833
4000 39194
4000 60136
4000 46830
4000 45316
4000 45334
4000 40358
4000 48880
4000 54316
4000 66793
4000 42372
4000 52767
4000 46489
4000 48249
4000 39959
4000 36506
4000 43993
4000 48828
4000 45099
4000 40421
4000 43257
4000 44916
4000 41402
4000 43872
4000 48195
4000 37843
4000 41100
4000 43851
4000 46700
4000 42086
4000 41017
5000 49962
5000 54102
5000 55576
5000 53986
5000 55495
5000 70637
5000 56359
5000 58573
5000 55441
5000 60922
5000 57061
5000 69945
5000 81105
5000 52584
5000 57361
5000 54677
5000 58927
5000 58049
5000 53189
5000 64351
5000 55912
5000 61299
5000 59029
5000 55429
5000 52772
5000 50780
5000 56322
5000 55430
5000 61733
5000 63955
5000 61302
5000 74117
5000 48359
5000 47304
5000 55465
5000 59777
5000 52793
5000 50732
5000 52904
5000 65889
5000 60837
5000 59219
5000 56152
5000 54723
5000 54024
5000 46826
5000 53283
5000 50147
5000 53875
5000 61582
6000 61982
6000 65278
6000 78259
6000 66162
6000 64488
6000 71680
6000 83831
6000 70104
6000 63302
6000 69515
6000 66174
6000 69332
6000 67707
6000 67454
6000 67449
6000 76977
6000 68902
6000 71487
6000 66010
6000 76757
6000 71962
6000 71472
6000 84509
6000 71182
6000 68526
6000 70506
6000 69690
6000 74920
6000 67611
6000 63762
6000 68188
6000 88776
6000 67027
6000 79009
6000 85375
6000 68157
6000 86020
6000 65606
6000 77184
6000 66293
6000 74460
6000 64860
6000 67326
6000 81205
6000 74358
6000 64626
6000 67275
6000 62238
6000 58992
6000 83442
7000 72427
7000 73244
7000 77682
7000 98313
7000 76603
7000 77420
7000 85419
7000 84850
7000 79680
7000 88106
7000 85841
7000 91618
7000 83840
7000 87376
7000 77958
7000 97033
7000 73820
7000 122557
7000 98387
7000 71730
7000 76226
7000 75155
7000 78208
7000 82847
7000 109540
7000 77396
7000 74947
7000 70909
7000 85118
7000 84452
7000 71822
7000 82484
7000 71647
7000 88682
7000 89622
7000 86548
7000 88258
7000 82595
7000 73768
7000 80113
7000 79084
7000 110752
7000 100145
7000 78244
7000 75825
7000 71021
7000 107072
7000 85942
7000 87306
7000 97295
8000 109533
8000 97341
8000 100732
8000 89633
8000 147027
8000 94480
8000 103982
8000 93225
8000 102532
8000 92130
8000 102777
8000 100810
8000 105144
8000 104822
8000 103208
8000 108581
8000 95368
8000 87039
8000 88979
8000 93158
8000 113438
8000 123186
8000 87729
8000 89042
8000 117245
8000 82177
8000 91934
8000 100088
8000 108086
8000 89869
8000 89592
8000 116987
8000 100855
8000 104552
8000 95961
8000 91302
8000 123763
8000 87616
8000 119834
8000 93079
8000 101973
8000 108226
8000 98877
8000 98592
8000 82681
8000 94425
8000 113301
8000 93705
8000 94306
8000 83185
9000 130160
9000 108348
9000 121428
9000 92299
9000 105924
9000 106774
9000 119178
9000 103073
9000 101597
9000 120204
9000 100122
9000 95615
9000 106111
9000 110907
9000 98315
9000 120712
9000 102281
9000 130715
9000 110168
9000 115761
9000 101973
9000 114796
9000 108072
9000 111190
9000 90745
9000 126108
9000 104942
9000 106526
9000 106447
9000 106147
9000 107019
9000 120508
9000 98196
9000 122461
9000 91907
9000 103499
9000 93953
9000 110686
9000 107699
9000 114369
9000 106262
9000 126703
9000 100792
9000 96558
9000 127925
9000 107247
9000 100326
9000 95974
9000 88600
9000 122333
10000 129256
10000 121057
10000 141138
10000 112190
10000 123921
10000 136647
10000 105546
10000 117244
10000 128178
10000 166172
10000 123418
10000 132982
10000 126218
10000 130923
10000 139995
10000 115104
10000 130237
10000 148659
10000 122525
10000 151385
10000 153985
10000 132061
10000 123495
10000 119665
10000 130035
10000 129768
10000 129987
10000 128402
10000 156296
10000 122566
10000 124763
10000 97862
10000 120475
10000 115286
10000 117158
10000 133751
10000 133890
10000 109144
10000 104288
10000 105895
10000 146461
10000 118384
10000 109522
10000 111514
10000 127735
10000 176272
10000 114748
10000 122272
10000 118945
10000 106082
11000 164925
11000 140875
11000 136808
11000 137150
11000 161518
11000 159378
11000 155616
11000 159938
11000 139004
11000 113346
11000 145839
11000 142765
11000 160084
11000 129761
11000 118971
11000 143648
11000 160085
11000 134781
11000 135536
11000 119279
11000 130252
11000 118603
11000 124413
11000 151900
11000 135416
11000 126477
11000 126821
11000 133622
11000 139916
11000 133567
11000 178074
11000 122956
11000 129414
11000 130865
11000 131344
11000 126901
11000 131189
11000 126305
11000 149510
11000 136888
11000 157195
11000 141154
11000 117463
11000 135434
11000 146128
11000 113938
11000 135287
11000 134364
11000 144220
11000 127381
12000 147241
12000 142736
12000 147836
12000 139487
12000 173472
12000 165706
12000 148152
12000 155220
12000 139258
12000 127907
12000 204563
12000 158647
12000 160611
12000 144285
12000 166175
12000 127128
12000 166838
12000 194348
12000 156606
12000 135155
12000 149614
12000 198505
12000 147745
12000 138960
12000 132201
12000 165142
12000 136337
12000 156473
12000 137500
12000 151237
12000 133662
12000 137907
12000 162196
12000 150480
12000 144204
12000 164178
12000 145023
12000 182811
12000 178297
12000 140975
12000 157345
12000 144092
12000 150019
12000 173735
12000 134040
12000 145823
12000 148927
12000 137956
12000 145211
12000 157888
13000 169402
13000 187455
13000 151956
13000 158400
13000 161450
13000 162467
13000 178456
13000 166982
13000 153247
13000 177809
13000 158890
13000 161056
13000 137093
13000 152514
13000 155468
13000 163825
13000 145084
13000 188243
13000 145598
13000 148453
13000 190975
13000 204890
13000 177319
13000 152455
13000 160023
13000 152735
13000 173251
13000 166983
13000 178017
13000 186368
13000 189665
13000 181813
13000 183782
13000 161609
13000 166849
13000 133542
13000 151543
13000 157155
13000 154973
13000 161976
13000 170132
13000 142013
13000 139615
13000 168894
13000 158325
13000 193367
13000 168434
13000 152298
13000 183099
13000 177308
14000 209808
14000 187643
14000 160576
14000 231926
14000 195621
14000 186296
14000 162415
14000 178111
14000 173207
14000 184160
14000 166891
14000 168511
14000 179662
14000 157466
14000 177361
14000 200263
14000 149730
14000 208224
14000 225925
14000 165298
14000 190922
14000 153460
14000 193700
14000 199530
14000 169575
14000 198348
14000 182249
14000 175141
14000 192725
14000 174020
14000 178997
14000 160095
14000 157264
14000 187687
14000 159664
14000 177173
14000 171854
14000 164271
14000 152689
14000 152638
14000 168877
14000 171056
14000 172008
14000 196086
14000 188942
14000 180027
14000 187892
14000 200612
14000 169187
14000 193839
15000 156714
15000 205811
15000 184504
15000 166124
15000 197252
15000 205255
15000 240121
15000 168815
15000 190476
15000 206060
15000 201277
15000 209515
15000 181359
15000 192619
15000 195182
15000 195525
15000 190720
15000 210402
15000 194537
15000 209852
15000 185316
15000 175578
15000 218955
15000 185188
15000 223281
15000 224276
15000 177384
15000 221783
15000 207293
15000 218499
15000 191816
15000 202731
15000 165969
15000 196524
15000 199096
15000 171831
15000 189074
15000 178604
15000 196843
15000 178523
15000 217550
15000 193002
15000 179327
15000 171443
15000 183179
15000 190803
15000 173500
15000 214943
15000 175176
15000 192391
16000 191422
16000 252859
16000 198611
16000 236209
16000 174545
16000 196289
16000 213652
16000 209924
16000 176967
16000 212771
16000 174834
16000 228318
16000 194072
16000 219410
16000 194783
16000 209716
16000 188728
16000 226496
16000 211138
16000 252252
16000 187317
16000 224005
16000 194547
16000 191830
16000 192549
16000 187246
16000 186816
16000 183157
16000 261490
16000 224176
16000 262652
16000 235087
16000 182436
16000 189084
16000 192521
16000 193477
16000 215200
16000 225629
16000 194284
16000 204369
16000 203355
16000 279626
16000 197624
16000 197036
16000 190888
16000 185692
16000 189655
16000 216181
16000 189052
16000 195285
17000 209402
17000 214993
17000 239857
17000 221198
17000 204236
17000 251160
17000 239802
17000 204198
17000 227637
17000 322732
17000 236720
17000 217683
17000 225059
17000 209930
17000 242981
17000 208999
17000 218049
17000 209756
17000 257479
17000 209998
17000 198078
17000 227905
17000 220514
17000 200794
17000 193613
17000 216432
17000 214145
17000 211150
17000 212293
17000 207188
17000 208958
17000 218344
17000 210204
17000 246779
17000 227759
17000 187534
17000 224816
17000 184811
17000 219598
17000 199554
17000 211099
17000 217472
17000 187275
17000 260482
17000 217980
17000 248010
17000 191571
17000 197647
17000 207233
17000 222362
18000 213497
18000 275891
18000 297768
18000 207031
18000 252865
18000 254673
18000 225900
18000 237343
18000 249144
18000 201053
18000 210331
18000 232466
18000 221669
18000 235670
18000 246251
18000 234532
18000 227810
18000 213501
18000 301872
18000 235098
18000 209053
18000 231622
18000 244080
18000 257622
18000 220601
18000 205750
18000 232690
18000 233171
18000 206150
18000 215623
18000 240935
18000 200156
18000 218447
18000 244023
18000 230747
18000 246936
18000 216730
18000 213031
18000 242768
18000 235291
18000 249220
18000 229447
18000 265024
18000 291743
18000 219000
18000 267453
18000 287633
18000 249626
18000 256049
18000 250750
19000 247331
19000 225104
19000 218723
19000 237452
19000 239648
19000 239414
19000 241305
19000 204498
19000 233919
19000 235683
19000 247495
19000 320834
19000 270238
19000 226517
19000 264845
19000 247526
19000 266673
19000 246648
19000 234987
19000 260725
19000 254414
19000 223517
19000 225699
19000 222533
19000 238333
19000 228391
19000 210382
19000 225634
19000 227851
19000 224349
19000 241444
19000 260734
19000 236864
19000 271461
19000 233348
19000 278601
19000 229137
19000 221558
19000 267594
19000 271158
19000 228254
19000 210820
19000 290170
19000 289024
19000 238016
19000 206847
19000 243660
19000 229558
19000 290315
19000 322258
20000 246769
20000 249531
20000 239206
20000 261364
20000 242287
20000 231905
20000 272320
20000 289064
20000 251302
20000 259984
20000 245152
20000 261813
20000 233457
20000 258219
20000 286522
20000 224013
20000 228676
20000 263558
20000 265579
20000 242760
20000 319001
20000 305729
20000 262625
20000 255311
20000 265125
20000 253272
20000 278002
20000 270617
20000 229864
20000 263965
20000 227152
20000 268384
20000 312853
20000 228152
20000 238407
20000 254373
20000 267075
20000 242166
20000 293105
20000 231778
20000 272677
20000 291222
20000 274434
20000 324069
20000 257221
20000 308561
20000 271179
20000 261755
20000 258721
20000 236356
21000 266915
21000 261125
21000 298938
21000 264761
21000 241899
21000 262938
21000 243613
21000 245671
21000 275056
21000 277530
21000 266031
21000 298260
21000 322291
21000 272313
21000 302159
21000 235678
21000 232155
21000 312030
21000 276926
21000 276847
21000 323520
21000 308455
21000 256065
21000 270606
21000 249064
21000 265718
21000 249148
21000 289712
21000 260308
21000 269813
21000 290518
21000 298790
21000 231641
21000 244090
21000 260429
21000 256015
21000 339143
21000 236942
21000 289672
21000 255749
21000 240673
21000 283236
21000 275696
21000 287062
21000 345142
21000 286755
21000 264591
21000 312877
21000 305477
21000 300095
22000 295822
22000 260927
22000 283375
22000 305130
22000 307561
22000 259566
22000 332122
22000 272030
22000 259989
22000 259623
22000 307387
22000 280100
22000 267822
22000 285456
22000 258595
22000 329198
22000 264061
22000 349162
22000 372541
22000 277524
22000 280973
22000 269482
22000 252746
22000 307045
22000 281193
22000 251311
22000 275996
22000 271784
22000 288919
22000 289711
22000 348776
22000 293321
22000 259869
22000 330172
22000 253227
22000 275209
22000 275701
22000 273575
22000 271827
22000 309199
22000 308370
22000 280857
22000 300442
22000 280603
22000 287501
22000 306836
22000 269403
22000 372137
22000 285229
22000 255717
23000 299788
23000 293586
23000 281678
23000 316494
23000 309779
23000 290610
23000 385164
23000 320238
23000 316696
23000 260038
23000 285496
23000 341897
23000 293263
23000 271031
23000 278345
23000 266958
23000 294415
23000 309335
23000 272362
23000 282483
23000 334432
23000 310350
23000 307011
23000 306782
23000 306306
23000 294464
23000 321477
23000 270109
23000 415026
23000 280460
23000 339210
23000 298145
23000 298783
23000 306370
23000 257588
23000 328172
23000 257203
23000 293130
23000 341849
23000 288970
23000 285705
23000 315753
23000 296694
23000 370366
23000 314468
23000 318374
23000 292960
23000 294852
23000 323715
23000 334665
24000 329114
24000 331925
24000 321872
24000 386013
24000 273642
24000 346422
24000 282056
24000 349553
24000 272840
24000 293058
24000 370984
24000 382727
24000 310498
24000 308151
24000 332529
24000 301261
24000 429070
24000 327894
24000 371279
24000 303343
24000 332733
24000 325250
24000 343158
24000 321015
24000 307909
24000 305169
24000 282941
24000 283764
24000 315558
24000 304702
24000 308435
24000 300056
24000 392956
24000 312285
24000 361174
24000 333140
24000 301685
24000 297673
24000 365620
24000 327254
24000 343258
24000 316531
24000 289652
24000 335325
24000 304883
24000 338490
24000 300263
24000 355123
24000 354845
24000 291353
25000 377846
25000 356979
25000 307638
25000 476160
25000 353548
25000 329383
25000 356298
25000 292400
25000 318981
25000 298677
25000 328617
25000 399247
25000 323927
25000 369851
25000 328974
25000 328946
25000 357524
25000 350406
25000 339823
25000 342513
25000 295560
25000 422843
25000 298535
25000 306741
25000 411675
25000 337972
25000 348254
25000 332386
25000 389146
25000 281323
25000 367018
25000 334474
25000 381035
25000 350972
25000 296411
25000 341253
25000 298059
25000 320419
25000 326835
25000 401369
25000 319063
25000 377284
25000 303724
25000 298303
25000 436930
25000 335827
25000 328861
25000 348597
25000 315983
25000 313628
26000 405883
26000 335789
26000 339971
26000 321542
26000 295195
26000 303984
26000 421281
26000 401565
26000 376279
26000 331792
26000 385503
26000 308912
26000 380589
26000 327852
26000 331165
26000 352363
26000 306782
26000 364013
26000 372196
26000 331760
26000 288526
26000 299107
26000 408355
26000 350592
26000 327309
26000 304913
26000 373840
26000 335434
26000 358241
26000 354935
26000 415841
26000 332539
26000 328438
26000 352262
26000 368570
26000 329011
26000 369812
26000 321287
26000 377501
26000 333182
26000 308385
26000 433326
26000 392789
26000 320097
26000 343369
26000 319031
26000 379069
26000 341580
26000 310281
26000 375079
27000 384642
27000 375717
27000 420517
27000 442542
27000 414212
27000 320032
27000 321514
27000 346308
27000 318065
27000 341470
27000 345529
27000 321544
27000 362709
27000 360465
27000 334001
27000 413414
27000 319693
27000 366276
27000 398314
27000 357251
27000 400175
27000 364004
27000 364556
27000 335768
27000 317242
27000 346138
27000 347875
27000 376517
27000 325346
27000 355761
27000 381843
27000 354594
27000 392585
27000 327396
27000 329373
27000 361701
27000 401447
27000 357471
27000 393307
27000 322238
27000 337803
27000 390135
27000 385851
27000 312949
27000 366729
27000 400585
27000 323658
27000 359313
27000 437790
27000 382611
28000 398899
28000 389846
28000 435096
28000 367151
28000 463452
28000 341514
28000 416594
28000 441069
28000 356701
28000 398551
28000 315359
28000 374814
28000 348806
28000 423276
28000 409852
28000 336107
28000 375798
28000 471754
28000 364266
28000 373707
28000 383112
28000 302149
28000 408968
28000 367653
28000 327764
28000 338447
28000 339537
28000 547098
28000 396271
28000 341709
28000 348386
28000 358646
28000 382512
28000 400194
28000 341064
28000 362127
28000 336970
28000 362209
28000 351984
28000 383725
28000 386922
28000 385371
28000 364103
28000 394449
28000 433616
28000 422225
28000 370651
28000 431285
28000 342942
28000 372880
29000 413271
29000 403631
29000 450418
29000 475589
29000 456658
29000 372190
29000 382841
29000 376944
29000 428950
29000 410870
29000 333354
29000 401990
29000 396053
29000 337896
29000 387542
29000 410695
29000 387992
29000 430126
29000 421142
29000 380829
29000 388478
29000 403416
29000 413280
29000 376063
29000 476628
29000 375770
29000 383825
29000 383131
29000 530634
29000 408760
29000 398365
29000 452124
29000 321668
29000 384579
29000 409495
29000 352824
29000 376895
29000 462548
29000 402943
29000 381173
29000 458192
29000 401409
29000 497930
29000 500691
29000 355563
29000 460574
29000 566388
29000 376505
29000 401080
29000 381416
30000 446673
30000 379990
30000 402093
30000 592535
30000 436158
30000 497528
30000 357100
30000 374455
30000 381761
30000 435875
30000 425055
30000 429846
30000 384753
30000 407495
30000 382413
30000 404810
30000 393892
30000 435253
30000 380726
30000 431961
30000 371216
30000 380553
30000 406158
30000 385105
30000 485649
30000 477697
30000 378937
30000 387289
30000 402588
30000 367820
30000 451649
30000 424340
30000 469363
30000 399361
30000 426430
30000 462536
30000 380245
30000 411277
30000 415600
30000 345483
30000 377815
30000 421418
30000 400009
30000 368034
30000 347862
30000 394756
30000 398301
30000 407909
30000 379372
30000 391618
31000 374608
31000 428214
31000 362332
31000 415674
31000 536160
31000 389741
31000 430996
31000 430384
31000 446086
31000 398727
31000 507969
31000 482047
31000 438394
31000 527710
31000 407331
31000 387427
31000 491951
31000 414119
31000 460987
31000 404996
31000 381968
31000 398175
31000 432168
31000 416959
31000 452121
31000 434049
31000 454691
31000 407971
31000 420447
31000 483792
31000 417860
31000 413133
31000 356498
31000 384189
31000 390628
31000 398689
31000 452966
31000 389491
31000 354204
31000 421904
31000 405101
31000 431641
31000 488998
31000 392367
31000 524242
31000 380471
31000 372956
31000 446158
31000 397406
31000 407400
32000 394063
32000 426987
32000 384773
32000 399409
32000 480813
32000 429472
32000 380690
32000 402732
32000 557829
32000 436045
32000 447693
32000 511952
32000 413543
32000 410044
32000 485906
32000 453707
32000 480862
32000 478949
32000 439732
32000 412992
32000 502720
32000 423937
32000 448955
32000 412931
32000 501637
32000 473999
32000 428605
32000 452514
32000 443569
32000 488068
32000 434374
32000 488940
32000 397714
32000 502544
32000 441431
32000 408808
32000 492568
32000 426089
32000 426639
32000 425968
32000 438128
32000 493360
32000 493715
32000 433818
32000 386442
32000 544216
32000 456070
32000 389119
32000 421900
32000 426757
33000 420345
33000 423496
33000 579853
33000 454078
33000 464116
33000 458347
33000 410243
33000 725012
33000 417832
33000 420720
33000 412751
33000 445304
33000 495094
33000 411752
33000 368536
33000 408008
33000 403945
33000 425882
33000 425265
33000 471955
33000 421312
33000 411521
33000 551666
33000 429053
33000 462093
33000 421341
33000 426598
33000 377508
33000 416560
33000 446125
33000 477539
33000 499285
33000 426256
33000 428214
33000 467950
33000 457589
33000 444756
33000 416104
33000 396645
33000 419865
33000 407737
33000 386728
33000 488018
33000 431165
33000 435346
33000 475484
33000 435895
33000 407616
33000 477907
33000 450294
34000 453127
34000 465681
34000 564633
34000 446199
34000 520367
34000 443487
34000 432800
34000 445887
34000 460341
34000 492939
34000 463282
34000 427810
34000 516861
34000 480814
34000 422683
34000 415397
34000 409494
34000 446521
34000 505616
34000 460396
34000 468787
34000 588460
34000 371754
34000 461339
34000 485769
34000 539546
34000 477219
34000 412979
34000 493022
34000 450816
34000 451652
34000 440510
34000 397526
34000 482412
34000 462157
34000 593343
34000 403911
34000 458803
34000 433790
34000 439790
34000 478520
34000 459777
34000 420714
34000 552696
34000 443691
34000 459565
34000 405021
34000 413900
34000 477441
34000 438826
35000 430407
35000 428027
35000 477653
35000 465776
35000 492784
35000 472376
35000 512818
35000 535823
35000 490745
35000 548918
35000 535927
35000 436007
35000 528528
35000 463731
35000 481865
35000 481726
35000 539842
35000 515194
35000 521629
35000 454198
35000 463206
35000 437757
35000 618341
35000 558228
35000 479662
35000 414481
35000 512651
35000 454934
35000 504722
35000 585397
35000 405181
35000 421629
35000 506733
35000 592389
35000 467721
35000 472809
35000 444950
35000 455315
35000 480517
35000 513633
35000 443125
35000 463102
35000 443655
35000 468308
35000 442335
35000 551280
35000 469889
35000 546742
35000 516661
35000 457702
36000 490863
36000 531343
36000 527090
36000 546603
36000 486676
36000 446438
36000 511119
36000 544396
36000 434378
36000 425899
36000 433437
36000 453863
36000 568781
36000 412856
36000 460407
36000 480373
36000 455676
36000 448795
36000 486983
36000 611886
36000 460381
36000 439246
36000 465143
36000 534473
36000 495531
36000 419682
36000 414628
36000 497884
36000 531178
36000 456981
36000 486047
36000 493742
36000 414279
36000 457001
36000 427304
36000 489071
36000 512813
36000 439904
36000 481241
36000 465240
36000 438488
36000 530885
36000 551659
36000 530475
36000 471825
36000 482523
36000 480949
36000 460496
36000 466328
36000 497747
37000 508737
37000 519678
37000 586355
37000 491564
37000 482860
37000 522677
37000 519910
37000 474343
37000 535257
37000 519867
37000 522429
37000 526273
37000 579158
37000 478805
37000 451267
37000 460811
37000 525559
37000 500135
37000 458834
37000 518462
37000 471294
37000 454269
37000 485308
37000 502437
37000 567149
37000 603995
37000 490508
37000 514248
37000 602784
37000 483951
37000 464547
37000 506192
37000 484074
37000 469197
37000 558004
37000 546107
37000 561175
37000 580355
37000 482026
37000 518133
37000 492075
37000 524476
37000 522669
37000 496266
37000 508325
37000 463998
37000 517156
37000 486353
37000 487649
37000 424981
38000 484020
38000 523785
38000 545130
38000 465811
38000 504750
38000 503011
38000 557715
38000 591577
38000 475462
38000 516369
38000 460920
38000 532688
38000 487271
38000 538021
38000 481341
38000 486964
38000 584935
38000 578894
38000 548318
38000 483553
38000 528854
38000 493389
38000 443707
38000 498769
38000 520128
38000 517688
38000 459036
38000 547100
38000 436955
38000 519340
38000 556971
38000 520901
38000 475572
38000 532185
38000 483729
38000 462419
38000 532490
38000 552545
38000 583703
38000 514848
38000 645004
38000 515146
38000 539936
38000 517468
38000 470393
38000 455424
38000 578101
38000 488989
38000 625986
38000 517702
39000 533368
39000 539849
39000 572226
39000 490252
39000 461016
39000 499219
39000 484466
39000 491782
39000 552737
39000 549964
39000 431684
39000 520431
39000 553086
39000 463118
39000 565865
39000 530689
39000 493799
39000 547071
39000 447068
39000 570924
39000 478374
39000 580526
39000 523035
39000 490528
39000 478012
39000 564694
39000 567179
39000 547057
39000 465823
39000 563781
39000 523227
39000 516795
39000 456689
39000 480799
39000 576446
39000 468946
39000 512629
39000 495813
39000 462855
39000 487074
39000 537202
39000 567496
39000 509767
39000 637988
39000 542598
39000 563552
39000 601935
39000 556223
39000 589653
39000 530502
40000 536921
40000 601816
40000 610041
40000 682220
40000 519749
40000 512526
40000 474575
40000 477918
40000 497174
40000 637570
40000 595914
40000 534413
40000 614882
40000 517183
40000 522766
40000 477825
40000 590286
40000 540559
40000 522983
40000 516258
40000 484206
40000 586277
40000 540364
40000 491274
40000 465245
40000 507013
40000 541396
40000 517412
40000 563114
40000 572128
40000 507377
40000 530095
40000 535889
40000 537700
40000 509139
40000 642145
40000 529638
40000 577067
40000 563173
40000 593103
40000 569650
40000 529201
40000 504920
40000 534671
40000 630949
40000 474176
40000 513450
40000 553522
40000 540425
40000 468216
41000 572615
41000 567953
41000 465204
41000 485315
41000 607203
41000 676582
41000 502390
41000 559733
41000 561594
41000 572465
41000 519011
41000 537566
41000 565688
41000 531220
41000 562669
41000 501083
41000 544043
41000 521903
41000 517554
41000 554080
41000 538991
41000 550931
41000 622421
41000 521721
41000 560540
41000 505569
41000 546348
41000 560104
41000 584066
41000 641281
41000 530588
41000 613897
41000 550942
41000 561814
41000 565637
41000 549281
41000 598783
41000 504670
41000 579510
41000 513191
41000 571780
41000 500201
41000 563377
41000 593078
41000 588648
41000 603614
41000 578729
41000 557126
41000 619167
41000 700916
42000 572147
42000 583969
42000 651370
42000 638170
42000 600640
42000 521412
42000 554719
42000 560398
42000 571695
42000 542704
42000 527656
42000 598517
42000 580527
42000 595546
42000 513564
42000 579267
42000 586218
42000 602738
42000 534195
42000 647190
42000 512999
42000 663557
42000 603002
42000 541402
42000 586626
42000 515498
42000 578771
42000 554132
42000 614648
42000 586177
42000 644228
42000 545259
42000 573790
42000 551700
42000 541376
42000 730981
42000 517483
42000 618287
42000 699126
42000 531261
42000 602515
42000 754595
42000 544558
42000 518808
42000 690657
42000 545171
42000 555830
42000 651538
42000 618659
42000 603770
43000 698311
43000 568756
43000 691781
43000 565953
43000 576191
43000 647337
43000 611583
43000 770569
43000 516663
43000 634336
43000 528892
43000 837173
43000 672612
43000 568870
43000 531329
43000 693824
43000 603621
43000 631064
43000 589090
43000 783005
43000 719709
43000 672513
43000 492929
43000 590248
43000 720161
43000 556310
43000 655941
43000 604744
43000 659553
43000 568572
43000 544796
43000 558244
43000 568769
43000 613142
43000 577969
43000 525069
43000 696963
43000 579098
43000 631987
43000 657193
43000 541464
43000 702499
43000 616846
43000 567891
43000 519315
43000 566118
43000 655991
43000 599345
43000 527764
43000 640850
44000 621202
44000 654117
44000 623590
44000 712942
44000 564735
44000 658888
44000 654639
44000 616193
44000 605422
44000 634283
44000 633867
44000 763224
44000 587447
44000 569828
44000 516279
44000 565175
44000 579942
44000 684866
44000 682489
44000 584313
44000 575857
44000 622722
44000 650716
44000 628928
44000 524751
44000 552039
44000 584726
44000 632378
44000 800747
44000 649090
44000 647256
44000 576103
44000 558826
44000 643295
44000 587983
44000 630792
44000 624669
44000 556431
44000 559166
44000 579736
44000 609898
44000 613921
44000 532835
44000 662431
44000 562429
44000 559051
44000 691494
44000 722712
44000 540386
44000 569752
45000 710279
45000 664140
45000 686778
45000 644892
45000 654315
45000 656401
45000 632720
45000 614054
45000 573712
45000 597863
45000 616907
45000 546849
45000 829948
45000 663934
45000 578844
45000 591851
45000 725343
45000 602090
45000 618028
45000 684936
45000 599690
45000 726865
45000 673227
45000 606018
45000 589293
45000 578678
45000 611492
45000 612383
45000 663583
45000 603717
45000 704367
45000 565736
45000 682481
45000 612136
45000 634113
45000 592695
45000 663968
45000 563645
45000 599765
45000 654557
45000 720188
45000 783233
45000 648267
45000 681653
45000 621508
45000 663399
45000 593636
45000 620450
45000 608883
45000 565683
46000 658541
46000 633404
46000 673227
46000 621462
46000 696933
46000 622926
46000 610922
46000 744952
46000 644726
46000 588833
46000 609450
46000 646389
46000 634385
46000 565066
46000 649501
46000 579523
46000 611804
46000 619031
46000 707330
46000 637243
46000 625264
46000 665027
46000 636715
46000 669361
46000 616929
46000 648604
46000 667881
46000 601794
46000 606989
46000 724687
46000 746745
46000 616690
46000 752100
46000 645186
46000 651788
46000 732686
46000 682263
46000 722636
46000 584369
46000 584585
46000 601284
46000 645673
46000 633195
46000 611067
46000 673616
46000 580053
46000 622861
46000 631759
46000 760412
46000 644151
47000 680299
47000 612006
47000 688571
47000 620923
47000 579861
47000 661543
47000 731208
47000 888414
47000 607140
47000 646577
47000 569180
47000 679161
47000 592932
47000 596764
47000 649359
47000 661680
47000 583970
47000 690556
47000 611345
47000 660773
47000 665456
47000 632191
47000 567291
47000 583112
47000 668656
47000 627758
47000 789285
47000 818151
47000 580348
47000 650021
47000 631413
47000 700546
47000 709499
47000 644771
47000 684068
47000 648154
47000 639485
47000 561831
47000 659119
47000 596754
47000 629731
47000 671317
47000 819442
47000 655613
47000 627711
47000 669127
47000 696801
47000 633683
47000 767685
47000 550148
48000 654087
48000 666706
48000 745170
48000 728864
48000 614053
48000 800418
48000 640979
48000 878880
48000 640075
48000 639017
48000 675605
48000 656831
48000 615820
48000 700534
48000 695148
48000 752509
48000 665555
48000 620991
48000 623450
48000 641520
48000 715075
48000 802459
48000 571166
48000 623320
48000 709676
48000 664460
48000 672194
48000 701978
48000 688177
48000 778010
48000 649441
48000 716260
48000 585331
48000 695328
48000 701344
48000 649902
48000 651007
48000 621692
48000 653398
48000 687409
48000 887577
48000 618939
48000 756104
48000 744595
48000 621268
48000 578308
48000 767363
48000 655871
48000 656010
48000 737791
49000 774078
49000 646551
49000 610106
49000 622510
49000 640121
49000 664834
49000 702311
49000 634972
49000 668747
49000 618555
49000 581566
49000 602444
49000 656464
49000 666892
49000 680372
49000 720108
49000 747727
49000 695564
49000 671898
49000 657907
49000 718181
49000 878037
49000 624394
49000 716637
49000 624143
49000 660206
49000 787582
49000 607748
49000 684834
49000 758229
49000 682492
49000 645942
49000 616747
49000 692548
49000 661338
49000 737438
49000 693725
49000 803585
49000 686433
49000 693308
49000 721095
49000 641184
49000 734764
49000 765923
49000 681500
49000 703739
49000 597654
49000 650059
49000 620862
49000 672621
50000 640901
50000 624197
50000 845000
50000 744451
50000 650655
50000 674197
50000 685927
50000 641373
50000 627127
50000 800992
50000 623719
50000 683499
50000 661835
50000 694023
50000 710583
50000 627647
50000 814311
50000 901085
50000 719055
50000 822835
50000 721517
50000 672892
50000 693216
50000 695146
50000 807438
50000 752187
50000 640272
50000 614048
50000 731688
50000 677330
50000 698904
50000 687005
50000 718307
50000 667760
50000 809621
50000 732774
50000 724736
50000 721188
50000 711113
50000 683153
50000 725355
50000 633628
50000 678846
50000 756778
50000 689287
50000 809171
50000 634673
50000 657781
50000 703140
50000 789814
51000 681798
51000 706454
51000 838576
51000 872061
51000 712501
51000 645170
51000 744117
51000 769402
51000 796540
51000 653447
51000 734642
51000 670717
51000 728955
51000 665910
51000 700772
51000 688094
51000 865034
51000 744276
51000 690998
51000 661987
51000 708395
51000 837846
51000 645780
51000 712754
51000 724878
51000 690249
51000 718158
51000 737622
51000 772224
51000 627636
51000 618644
51000 686558
51000 725210
51000 660819
51000 669111
51000 770070
51000 760911
51000 720238
51000 663241
51000 659506
51000 799821
51000 777320
51000 659507
51000 669596
51000 699544
51000 718897
51000 835412
51000 776489
51000 712194
51000 604220
52000 686853
52000 689132
52000 723034
52000 715642
52000 694496
52000 681095
52000 712972
52000 707903
52000 788966
52000 731167
52000 655878
52000 691845
52000 796421
52000 722174
52000 702694
52000 608565
52000 706032
52000 657297
52000 688184
52000 833026
52000 673858
52000 690382
52000 625957
52000 712088
52000 681906
52000 631710
52000 815997
52000 704493
52000 751327
52000 802000
52000 758328
52000 631636
52000 699792
52000 751188
52000 737219
52000 664724
52000 800335
52000 748610
52000 675789
52000 687964
52000 701204
52000 691860
52000 671162
52000 685913
52000 720718
52000 675506
52000 751166
52000 648172
52000 729930
52000 800005
53000 859906
53000 779166
53000 788969
53000 716863
53000 814812
53000 859680
53000 684786
53000 817183
53000 713537
53000 688685
53000 734017
53000 776623
53000 656804
53000 790764
53000 742773
53000 780876
53000 779646
53000 683800
53000 647613
53000 888716
53000 766794
53000 763561
53000 766344
53000 727014
53000 677698
53000 691331
53000 677390
53000 860540
53000 719094
53000 743184
53000 727222
53000 708404
53000 793538
53000 724211
53000 719132
53000 775866
53000 768194
53000 751302
53000 796978
53000 818941
53000 794223
53000 717927
53000 745161
53000 785698
53000 824793
53000 791792
53000 803328
53000 646433
53000 751344
53000 708934
54000 752891
54000 787516
54000 819298
54000 783766
54000 729550
54000 722042
54000 703603
54000 760142
54000 677796
54000 713248
54000 700304
54000 785049
54000 690490
54000 823068
54000 758398
54000 717638
54000 760912
54000 772206
54000 671220
54000 713189
54000 671458
54000 770552
54000 783156
54000 667100
54000 743614
54000 745607
54000 697407
54000 794061
54000 823989
54000 735197
54000 876981
54000 739824
54000 770370
54000 682022
54000 739743
54000 693876
54000 749838
54000 931734
54000 642217
54000 729916
54000 919428
54000 674479
54000 720468
54000 855399
54000 924054
54000 697315
54000 823030
54000 838107
54000 749407
54000 722581
55000 701129
55000 767291
55000 905634
55000 756360
55000 797105
55000 893552
55000 896698
55000 790258
55000 747697
55000 704703
55000 760281
55000 859784
55000 737194
55000 804993
55000 754754
55000 752346
55000 716532
55000 730916
55000 807841
55000 711287
55000 699503
55000 896199
55000 720625
55000 755962
55000 738453
55000 807598
55000 800532
55000 775794
55000 719659
55000 774222
55000 781831
55000 722430
55000 726320
55000 836172
55000 735865
55000 681374
55000 752351
55000 745645
55000 712088
55000 834527
55000 821172
55000 793416
55000 689121
55000 739343
55000 746522
55000 884405
55000 742782
55000 693303
55000 745491
55000 773936
56000 884957
56000 739754
56000 695322
56000 850005
56000 890239
56000 695261
56000 693572
56000 770298
56000 750415
56000 855177
56000 834209
56000 752806
56000 761795
56000 798406
56000 746020
56000 730265
56000 875934
56000 803320
56000 822161
56000 709139
56000 739722
56000 746635
56000 641905
56000 710633
56000 907502
56000 732834
56000 972232
56000 824470
56000 805114
56000 823247
56000 747786
56000 1003994
56000 864471
56000 717716
56000 859106
56000 822755
56000 811317
56000 932671
56000 959009
56000 825668
56000 834508
56000 881836
56000 727991
56000 716649
56000 755294
56000 708853
56000 773439
56000 711118
56000 828853
56000 758330
57000 734930
57000 777175
57000 759974
57000 770988
57000 742109
57000 732215
57000 852596
57000 989471
57000 767628
57000 715466
57000 762452
57000 913542
57000 869900
57000 724843
57000 789905
57000 764009
57000 799185
57000 823292
57000 842258
57000 814132
57000 774002
57000 742877
57000 770798
57000 794969
57000 811007
57000 770581
57000 877909
57000 772335
57000 848652
57000 692795
57000 733281
57000 939330
57000 837992
57000 786298
57000 838533
57000 694678
57000 755309
57000 834169
57000 815411
57000 893650
57000 764987
57000 839017
57000 757410
57000 753513
57000 1086978
57000 889992
57000 687694
57000 806992
57000 761955
57000 771958
58000 927414
58000 942440
58000 913255
58000 799490
58000 851382
58000 838250
58000 782860
58000 865897
58000 762111
58000 734727
58000 778546
58000 815169
58000 873382
58000 816405
58000 785300
58000 840864
58000 836907
58000 869303
58000 721753
58000 882921
58000 783281
58000 762356
58000 830049
58000 885473
58000 739423
58000 974789
58000 777956
58000 784318
58000 765458
58000 925005
58000 795242
58000 797746
58000 893219
58000 898137
58000 732091
58000 945111
58000 873530
58000 773661
58000 997687
58000 731247
58000 823166
58000 756453
58000 746771
58000 829717
58000 776412
58000 856327
58000 800365
58000 880908
58000 748566
58000 780929
59000 854762
59000 901537
59000 812029
59000 788443
59000 795088
59000 992810
59000 889996
59000 872210
59000 782283
59000 745331
59000 884688
59000 1172569
59000 923087
59000 772898
59000 850175
59000 770881
59000 816054
59000 884711
59000 728571
59000 743908
59000 772000
59000 734654
59000 722880
59000 911500
59000 738701
59000 867652
59000 922124
59000 885538
59000 800783
59000 955824
59000 797494
59000 868153
59000 861185
59000 765308
59000 763474
59000 860812
59000 887988
59000 712253
59000 801121
59000 829541
59000 744429
59000 720938
59000 930928
59000 962877
59000 771175
59000 812387
59000 896573
59000 807413
59000 726125
59000 936686
60000 876497
60000 848469
60000 896814
60000 871090
60000 903121
60000 796197
60000 794331
60000 916311
60000 858331
60000 837509
60000 880547
60000 848707
60000 804111
60000 762840
60000 970219
60000 781245
60000 814082
60000 864034
60000 943645
60000 922706
60000 899295
60000 874253
60000 736702
60000 741897
60000 910702
60000 773544
60000 866659
60000 820795
60000 731775
60000 885467
60000 822597
60000 795768
60000 870569
60000 851046
60000 784477
60000 853510
60000 777334
60000 780770
60000 849094
60000 953209
60000 744218
60000 876960
60000 839776
60000 924286
60000 763995
60000 1054445
60000 1085480
60000 793618
60000 803762
60000 751602
61000 825127
61000 991716
61000 963169
61000 830776
61000 772921
61000 852857
61000 720213
61000 1132905
61000 787739
61000 864701
61000 894253
61000 880108
61000 884985
61000 905587
61000 752834
61000 845018
61000 969409
61000 873820
61000 899936
61000 854889
61000 891808
61000 733923
61000 877078
61000 832019
61000 862516
61000 891131
61000 862890
61000 835968
61000 865558
61000 825966
61000 931109
61000 871880
61000 1034619
61000 840711
61000 880601
61000 948483
61000 901913
61000 816673
61000 906365
61000 920339
61000 825862
61000 792586
61000 853887
61000 787468
61000 879633
61000 930135
61000 840427
61000 1095568
61000 823413
61000 867799
62000 869796
62000 929647
62000 810211
62000 897773
62000 1000583
62000 990013
62000 941066
62000 929891
62000 857000
62000 928766
62000 897697
62000 816773
62000 807031
62000 901716
62000 792094
62000 924091
62000 879621
62000 814914
62000 845498
62000 890070
62000 955545
62000 802479
62000 1045567
62000 885323
62000 774345
62000 959382
62000 768609
62000 858661
62000 884690
62000 890386
62000 788783
62000 831995
62000 875129
62000 981321
62000 819342
62000 808382
62000 973017
62000 854264
62000 928278
62000 818261
62000 872176
62000 972849
62000 1050868
62000 880445
62000 809943
62000 855303
62000 804984
62000 865775
62000 906111
62000 825033
63000 883469
63000 992607
63000 1012098
63000 970702
63000 796061
63000 1007909
63000 850134
63000 892398
63000 882599
63000 933941
63000 930832
63000 819862
63000 878561
63000 894856
63000 885262
63000 848988
63000 860372
63000 988672
63000 1011725
63000 907457
63000 857236
63000 827416
63000 847535
63000 827377
63000 927162
63000 940527
63000 774072
63000 922663
63000 815281
63000 1020582
63000 796975
63000 817297
63000 786236
63000 881496
63000 1068377
63000 856498
63000 933263
63000 963031
63000 945636
63000 920680
63000 872434
63000 871030
63000 900393
63000 955031
63000 1016209
63000 1129334
63000 962694
63000 899257
63000 1045004
63000 804578
64000 1039222
64000 1046868
64000 889874
64000 842058
64000 979140
64000 1045785
64000 858157
64000 919078
64000 836977
64000 843382
64000 810530
64000 896546
64000 982327
64000 951240
64000 815746
64000 813715
64000 931108
64000 912551
64000 936197
64000 868163
64000 938050
64000 922302
64000 830982
64000 852450
64000 794995
64000 833571
64000 843856
64000 848066
64000 1223175
64000 857553
64000 838455
64000 882489
64000 980583
64000 791180
64000 867877
64000 954716
64000 859714
64000 959225
64000 858902
64000 913791
64000 1363674
64000 886921
64000 992695
64000 890402
64000 987262
64000 899314
64000 923728
64000 834218
64000 1024147
64000 945636
65000 942164
65000 993348
65000 861133
65000 850928
65000 816792
65000 824800
65000 891935
65000 875079
65000 851131
65000 1003954
65000 826027
65000 1063217
65000 895092
65000 828836
65000 848050
65000 913023
65000 992013
65000 1015894
65000 1105262
65000 922468
65000 862263
65000 975293
65000 1009556
65000 802826
65000 870821
65000 896720
65000 1124779
65000 1028014
65000 913256
65000 876734
65000 968340
65000 834130
65000 961928
65000 854890
65000 1054898
65000 900105
65000 931801
65000 810628
65000 930667
65000 832410
65000 903593
65000 873470
65000 852409
65000 845399
65000 857872
65000 1246699
65000 848916
65000 899299
65000 860989
65000 878909
66000 1097525
66000 977308
66000 916885
66000 1079452
66000 833021
66000 1005911
66000 894356
66000 867755
66000 867848
66000 966603
66000 1045576
66000 989187
66000 817856
66000 989331
66000 1129439
66000 983031
66000 955999
66000 941488
66000 854673
66000 971734
66000 1010114
66000 939344
66000 900058
66000 876417
66000 866138
66000 816587
66000 896719
66000 979800
66000 813286
66000 1155695
66000 908726
66000 887621
66000 936375
66000 1017626
66000 955085
66000 853812
66000 950250
66000 1010584
66000 1002227
66000 1072294
66000 892702
66000 873216
66000 905232
66000 978435
66000 1054314
66000 846159
66000 1048502
66000 951523
66000 1012334
66000 980625
67000 886878
67000 856572
67000 889221
67000 916707
67000 1026203
67000 957616
67000 1113302
67000 900157
67000 895599
67000 1105835
67000 943143
67000 1047027
67000 1016008
67000 929583
67000 835510
67000 859068
67000 946812
67000 903378
67000 962377
67000 874439
67000 990329
67000 952380
67000 1067241
67000 948908
67000 901267
67000 936665
67000 920522
67000 1039124
67000 896486
67000 1138856
67000 835497
67000 1037984
67000 846154
67000 985223
67000 945948
67000 963369
67000 1039564
67000 1031216
67000 857883
67000 1018453
67000 904962
67000 955833
67000 990382
67000 916771
67000 870511
67000 852592
67000 918386
67000 999179
67000 1059685
67000 878120
68000 1007860
68000 921141
68000 836942
68000 913309
68000 962874
68000 907598
68000 1151143
68000 1136140
68000 936124
68000 1002622
68000 969321
68000 903879
68000 988743
68000 1016459
68000 890442
68000 972814
68000 942198
68000 924205
68000 1028607
68000 951274
68000 993672
68000 970557
68000 963042
68000 981604
68000 1057693
68000 1016158
68000 1140569
68000 938208
68000 931406
68000 968187
68000 1078687
68000 994029
68000 1027363
68000 929713
68000 1018513
68000 828763
68000 978848
68000 945717
68000 1080478
68000 903903
68000 953059
68000 966241
68000 998409
68000 977176
68000 894040
68000 969726
68000 924911
68000 909145
68000 1045602
68000 1029650
69000 1005308
69000 964530
69000 998275
69000 853099
69000 1080064
69000 1002800
69000 898276
69000 1031677
69000 940709
69000 1051750
69000 893297
69000 1002976
69000 1006660
69000 980008
69000 1147192
69000 1105324
69000 1022482
69000 1251985
69000 1177931
69000 884506
69000 1065855
69000 910583
69000 959471
69000 993784
69000 881909
69000 1130987
69000 944728
69000 1033183
69000 943924
69000 1071427
69000 916293
69000 1001905
69000 1204761
69000 954704
69000 949468
69000 980229
69000 914535
69000 1036635
69000 1095355
69000 984168
69000 1138729
69000 1038486
69000 1022878
69000 944713
69000 993320
69000 862529
69000 990048
69000 938568
69000 1051301
69000 900744
70000 1038210
70000 948899
70000 922263
70000 1026949
70000 966238
70000 1057196
70000 927090
70000 1215077
70000 979751
70000 1066645
70000 947849
70000 1040220
70000 896272
70000 899362
70000 1034585
70000 1070841
70000 1027972
70000 998340
70000 1001439
70000 984316
70000 1123852
70000 873584
70000 931801
70000 1042632
70000 945517
70000 1038782
70000 1145539
70000 999992
70000 1196604
70000 999992
70000 911295
70000 1021477
70000 1075424
70000 1030136
70000 936438
70000 1049723
70000 939347
70000 913085
70000 1087196
70000 986690
70000 1229858
70000 937397
70000 954685
70000 916800
70000 959042
70000 937075
70000 999270
70000 911293
70000 1062453
70000 1036858
71000 1149192
71000 980365
71000 880494
71000 1085261
71000 988155
71000 1237057
71000 920751
71000 1013420
71000 1133096
71000 1038436
71000 945231
71000 1122248
71000 1253667
71000 1180650
71000 1001061
71000 1018966
71000 962876
71000 1029895
71000 1039878
71000 1049491
71000 1071895
71000 1076691
71000 952141
71000 1185844
71000 1051912
71000 960490
71000 1030785
71000 888845
71000 979793
71000 943383
71000 909472
71000 1152843
71000 944457
71000 971390
71000 955276
71000 934105
71000 1037122
71000 1001599
71000 928832
71000 1042271
71000 893002
71000 1065363
71000 976173
71000 869636
71000 1159425
71000 939802
71000 1038259
71000 1011271
71000 1048027
71000 1122862
72000 952056
72000 928234
72000 959212
72000 1031999
72000 1000584
72000 1087320
72000 1038415
72000 1100632
72000 1203840
72000 981456
72000 894078
72000 1103510
72000 992869
72000 1077870
72000 980165
72000 997827
72000 917871
72000 1079159
72000 975589
72000 940820
72000 1079699
72000 1129901
72000 1066872
72000 1118166
72000 993094
72000 915784
72000 1003536
72000 976873
72000 1025064
72000 1051432
72000 1076231
72000 1206433
72000 1014021
72000 1008369
72000 1131566
72000 1102047
72000 1177942
72000 944222
72000 914725
72000 1061148
72000 986952
72000 930472
72000 1067127
72000 972951
72000 1134297
72000 949569
72000 1005668
72000 938206
72000 962323
72000 1277923
73000 968334
73000 974392
73000 1058971
73000 1192561
73000 960286
73000 1099765
73000 1006867
73000 1111324
73000 1009215
73000 1162220
73000 958548
73000 1024571
73000 952239
73000 1066416
73000 1119995
73000 932586
73000 976550
73000 873737
73000 996154
73000 1103206
73000 961953
73000 951686
73000 962803
73000 1034861
73000 1139879
73000 973124
73000 1069485
73000 1028199
73000 1083716
73000 950245
73000 940694
73000 989179
73000 1038543
73000 1047827
73000 1094432
73000 1004635
73000 1020812
73000 1030358
73000 1014311
73000 1167051
73000 969638
73000 1039080
73000 991965
73000 1054206
73000 1235776
73000 989559
73000 1176129
73000 1174275
73000 875695
73000 1027494
74000 978669
74000 1039522
74000 957258
74000 1060578
74000 1068944
74000 982678
74000 1196137
74000 1048204
74000 1185703
74000 954086
74000 1127803
74000 1143813
74000 979158
74000 1073118
74000 946324
74000 913055
74000 1114554
74000 1185560
74000 1020229
74000 1029282
74000 1123912
74000 1287078
74000 1253884
74000 1055281
74000 911446
74000 1307499
74000 1086848
74000 1108658
74000 1063191
74000 1114042
74000 1013268
74000 1171610
74000 1159171
74000 1129930
74000 1143281
74000 1109902
74000 1215090
74000 1008120
74000 1042221
74000 1142418
74000 1019140
74000 964896
74000 1031972
74000 1197945
74000 949945
74000 958049
74000 1368541
74000 1028512
74000 1438956
74000 933134
75000 1020007
75000 1038342
75000 1146871
75000 976415
75000 1132489
75000 1079137
75000 996710
75000 1254866
75000 1025657
75000 1083441
75000 1351999
75000 1122457
75000 1230776
75000 998420
75000 1121943
75000 971118
75000 1094105
75000 984370
75000 1062196
75000 1304839
75000 1021961
75000 1101456
75000 1392134
75000 1212822
75000 1174506
75000 1170110
75000 1128419
75000 1002832
75000 978340
75000 1089958
75000 1057188
75000 1146757
75000 970904
75000 1011105
75000 1309886
75000 1158612
75000 1242192
75000 1063203
75000 1110801
75000 1240453
75000 1063536
75000 1104060
75000 1064021
75000 967226
75000 1140143
75000 1041681
75000 1171267
75000 1017293
75000 1048310
75000 1057918
76000 1026159
76000 1071125
76000 1141994
76000 1164193
76000 1110845
76000 1290350
76000 1001859
76000 964795
76000 1033016
76000 1092549
76000 1192589
76000 1177852
76000 1070125
76000 1032088
76000 1088067
76000 1028645
76000 971087
76000 1041039
76000 1065343
76000 1100597
76000 1102304
76000 1074103
76000 1190382
76000 1074045
76000 1028952
76000 979466
76000 1190772
76000 1384392
76000 988720
76000 1030619
76000 1069822
76000 1276555
76000 1008858
76000 993384
76000 1074486
76000 1022342
76000 1083990
76000 1126671
76000 1140896
76000 1087328
76000 1130085
76000 1060849
76000 1173486
76000 1048101
76000 1166744
76000 1015218
76000 999565
76000 1173572
76000 1032238
76000 1257062
77000 1092119
77000 1112047
77000 1053668
77000 1126308
77000 1289543
77000 1072578
77000 1287313
77000 1003030
77000 1109488
77000 1126547
77000 1108444
77000 1247735
77000 1123424
77000 1229294
77000 1199890
77000 1015494
77000 1268970
77000 1150676
77000 1255616
77000 1259974
77000 948479
77000 1081994
77000 1071621
77000 1172487
77000 946483
77000 1025200
77000 1293374
77000 1289268
77000 1059507
77000 1099823
77000 1343226
77000 1071315
77000 1023942
77000 1033071
77000 1017374
77000 1038324
77000 930398
77000 1110638
77000 1205688
77000 1108757
77000 1090820
77000 1068461
77000 1034666
77000 1010091
77000 1223308
77000 1031039
77000 1162487
77000 993228
77000 1035874
77000 1192820
78000 1191333
78000 1030799
78000 1234209
78000 1005047
78000 1124243
78000 1030363
78000 1115756
78000 1127254
78000 1232637
78000 1171317
78000 1097352
78000 1030964
78000 1132565
78000 1234578
78000 1081100
78000 1012815
78000 1125233
78000 1029607
78000 1097272
78000 1133592
78000 1064687
78000 1053381
78000 1212718
78000 1137458
78000 1214995
78000 997125
78000 971680
78000 1164270
78000 1170903
78000 1140350
78000 1137442
78000 1203539
78000 1378568
78000 1036641
78000 1263119
78000 1049846
78000 1114955
78000 1138544
78000 1096371
78000 1442771
78000 1160010
78000 1226458
78000 1236889
78000 995578
78000 1255348
78000 1213000
78000 1219981
78000 1028406
78000 1100133
78000 1117808
79000 1207969
79000 1005589
79000 1027519
79000 1067459
79000 1161602
79000 1086940
79000 1276818
79000 1227342
79000 1135572
79000 1102459
79000 1004858
79000 1257494
79000 1233878
79000 1199206
79000 1159457
79000 1042254
79000 1057067
79000 1118022
79000 1145127
79000 1103956
79000 1206748
79000 1058860
79000 1144214
79000 1136355
79000 1121768
79000 1044781
79000 1059357
79000 1051020
79000 1169201
79000 1114583
79000 1171731
79000 1135398
79000 1140931
79000 1183031
79000 1142650
79000 1139742
79000 1367698
79000 1054490
79000 1110880
79000 1307095
79000 1219056
79000 1255487
79000 1107849
79000 1064939
79000 1220969
79000 989989
79000 1086159
79000 1283794
79000 1098350
79000 1133847
80000 1103800
80000 1122064
80000 1039787
80000 1220608
80000 1255226
80000 1121019
80000 1244632
80000 1210319
80000 1179858
80000 1081496
80000 1163596
80000 1122955
80000 1084640
80000 1228943
80000 1145426
80000 1139549
80000 1166835
80000 1373874
80000 1113031
80000 1294597
80000 1152381
80000 1149986
80000 1176730
80000 1063605
80000 1088464
80000 1053625
80000 1212392
80000 1225458
80000 1060992
80000 1075079
80000 1237812
80000 1150379
80000 1151152
80000 1170020
80000 1042184
80000 1203051
80000 1228213
80000 1316952
80000 1110418
80000 1074339
80000 1293193
80000 1148305
80000 1105763
80000 1189180
80000 1033535
80000 1290680
80000 1211526
80000 1130105
80000 1365204
80000 1188485
81000 1238605
81000 1307891
81000 1101124
81000 1356137
81000 1037100
81000 1210103
81000 1092892
81000 1077983
81000 1194946
81000 1138264
81000 1247557
81000 1338428
81000 1079814
81000 1262619
81000 1334465
81000 1216811
81000 1138410
81000 1088438
81000 1064757
81000 1061107
81000 1269416
81000 1133758
81000 1294988
81000 1157961
81000 1284495
81000 1301383
81000 1143376
81000 989656
81000 1350953
81000 1185299
81000 1298489
81000 1230708
81000 1195266
81000 991449
81000 1024189
81000 1401672
81000 1037537
81000 989752
81000 1252411
81000 1080584
81000 1182596
81000 1128863
81000 1388116
81000 1045675
81000 1353366
81000 1245073
81000 1315313
81000 1126352
81000 1245897
81000 1120290
82000 1197042
82000 1250128
82000 1197424
82000 1328361
82000 1251030
82000 1090320
82000 1453705
82000 1099505
82000 1136564
82000 1261414
82000 1354991
82000 1106845
82000 1120520
82000 1149553
82000 1151353
82000 1019036
82000 1103786
82000 1217857
82000 1227238
82000 1333032
82000 1149156
82000 1358148
82000 1109167
82000 1083201
82000 1134315
82000 1095769
82000 1187236
82000 1075603
82000 1041929
82000 1318024
82000 1089142
82000 1069830
82000 1299493
82000 1331609
82000 1104448
82000 1171208
82000 1084336
82000 1218572
82000 1139782
82000 1140297
82000 1385587
82000 1379436
82000 1175809
82000 1187411
82000 1071858
82000 1205346
82000 1197398
82000 1064136
82000 1119120
82000 1214507
83000 1255713
83000 1218504
83000 1205265
83000 1148521
83000 1285768
83000 1315722
83000 1101430
83000 1069341
83000 1222552
83000 1216234
83000 1065765
83000 1101398
83000 1134785
83000 1277864
83000 1190550
83000 1111609
83000 1148977
83000 1335491
83000 1472045
83000 1158644
83000 1193024
83000 1202030
83000 1466404
83000 1120140
83000 1378133
83000 1096808
83000 1166297
83000 1142088
83000 1201748
83000 1362799
83000 1348227
83000 1249746
83000 1092550
83000 1181455
83000 1228292
83000 1242345
83000 1172627
83000 1444050
83000 1252364
83000 1110292
83000 1162208
83000 1305159
83000 1250323
83000 1213031
83000 1115591
83000 1213836
83000 1142726
83000 1200304
83000 1071182
83000 1293088
84000 1283488
84000 1158510
84000 1281695
84000 1275688
84000 1109763
84000 1185243
84000 1224837
84000 1259682
84000 1221973
84000 1078756
84000 1116344
84000 1142414
84000 1228957
84000 1116926
84000 1271874
84000 1172586
84000 1345277
84000 1249191
84000 1312462
84000 1370963
84000 1294846
84000 1362312
84000 1230021
84000 1155202
84000 1135176
84000 1360195
84000 1004797
84000 1227343
84000 1274621
84000 1142250
84000 1062067
84000 1411341
84000 1288460
84000 1173620
84000 1184953
84000 1225730
84000 1125276
84000 1347229
84000 1204262
84000 1358701
84000 1059369
84000 1300036
84000 1186472
84000 1209678
84000 1121615
84000 1101711
84000 1243369
84000 1392189
84000 1249520
84000 1223137
85000 1239097
85000 1227195
85000 1190772
85000 1158973
85000 1074816
85000 1384364
85000 1080433
85000 1299474
85000 1244879
85000 1159580
85000 1254674
85000 1279286
85000 1106530
85000 1348300
85000 1185068
85000 1200985
85000 1101061
85000 1183479
85000 1139905
85000 1091919
85000 1091226
85000 1499937
85000 1179825
85000 1137509
85000 1234020
85000 1191216
85000 1128464
85000 1123400
85000 1206762
85000 1229169
85000 1367225
85000 1203648
85000 1178194
85000 1528901
85000 1228133
85000 1237446
85000 1279825
85000 1411784
85000 1200032
85000 1265253
85000 1250694
85000 1128146
85000 1345188
85000 1347739
85000 1249864
85000 1160081
85000 1186114
85000 1374510
85000 1162095
85000 1285225
86000 1271190
86000 1182874
86000 1235397
86000 1265929
86000 1380243
86000 1363330
86000 1237655
86000 1259751
86000 1253724
86000 1535146
86000 1294777
86000 1145178
86000 1251860
86000 1251507
86000 1268540
86000 1269299
86000 1354961
86000 1244614
86000 1230614
86000 1711796
86000 1248597
86000 1231833
86000 1202660
86000 1256272
86000 1219269
86000 1384939
86000 1284294
86000 1253674
86000 1306003
86000 1317605
86000 1491914
86000 1213981
86000 1210455
86000 1236693
86000 1222630
86000 1270445
86000 1638904
86000 1367690
86000 1116358
86000 1156139
86000 1361409
86000 1249437
86000 1262487
86000 1147251
86000 1133582
86000 1094040
86000 1358644
86000 1345898
86000 1185420
86000 1434247
87000 1331383
87000 1162848
87000 1281750
87000 1314558
87000 1115351
87000 1313646
87000 1110902
87000 1162002
87000 1420871
87000 1407445
87000 1314308
87000 1298300
87000 1127389
87000 1234450
87000 1544434
87000 1542739
87000 1308322
87000 1147643
87000 1146932
87000 1317020
87000 1140410
87000 1236976
87000 1607640
87000 1161761
87000 1261617
87000 1207144
87000 1288595
87000 1145966
87000 1233100
87000 1105582
87000 1342100
87000 1152148
87000 1106329
87000 1208223
87000 1264565
87000 1362434
87000 1508774
87000 1198266
87000 1498363
87000 1143568
87000 1216268
87000 1359980
87000 1259295
87000 1256635
87000 1152713
87000 1248269
87000 1250204
87000 1293452
87000 1406428
87000 1200292
88000 1282860
88000 1162133
88000 1278868
88000 1262109
88000 1330713
88000 1449196
88000 1277888
88000 1205133
88000 1226149
88000 1301948
88000 1328074
88000 1453891
88000 1402057
88000 1370122
88000 1241945
88000 1131047
88000 1543231
88000 1396275
88000 1273494
88000 1325011
88000 1155884
88000 1184775
88000 1394061
88000 1347216
88000 1238953
88000 1571642
88000 1164747
88000 1247046
88000 1263925
88000 1298745
88000 1232414
88000 1234359
88000 1345833
88000 1194882
88000 1216939
88000 1316494
88000 1345332
88000 1265114
88000 1402881
88000 1240895
88000 1393411
88000 1427896
88000 1196955
88000 1329900
88000 1290737
88000 1211644
88000 1318191
88000 1403474
88000 1695982
88000 1270431
89000 1320134
89000 1335032
89000 1339347
89000 1329233
89000 1253385
89000 1162978
89000 1190451
89000 1430504
89000 1251252
89000 1184556
89000 1129426
89000 1255000
89000 1186797
89000 1318646
89000 1224270
89000 1313005
89000 1466359
89000 1327487
89000 1235523
89000 1269286
89000 1521728
89000 1295947
89000 1572009
89000 1344405
89000 1230837
89000 1161993
89000 1174787
89000 1264016
89000 1374469
89000 1344426
89000 1335130
89000 1328832
89000 1482317
89000 1261422
89000 1207499
89000 1320580
89000 1357302
89000 1739810
89000 1537172
89000 1342192
89000 1712504
89000 1211774
89000 1333942
89000 1511602
89000 1155469
89000 1394833
89000 1267129
89000 1194852
89000 1299911
89000 1440538
90000 1190368
90000 1161821
90000 1459423
90000 1550670
90000 1362530
90000 1433001
90000 1286257
90000 1445718
90000 1433260
90000 1202498
90000 1327691
90000 1397889
90000 1268437
90000 1315079
90000 1187121
90000 1274728
90000 1451711
90000 1346081
90000 1209092
90000 1350013
90000 1244214
90000 1441884
90000 1217038
90000 1127885
90000 1356233
90000 1293746
90000 1249279
90000 1629986
90000 1426086
90000 1269840
90000 1293984
90000 1384007
90000 1386386
90000 1420151
90000 1353818
90000 1237840
90000 1259610
90000 1282561
90000 1223148
90000 1322592
90000 1208669
90000 1345963
90000 1648804
90000 1663324
90000 1422045
90000 1249219
90000 1282170
90000 1343252
90000 1220481
90000 1282817
91000 1429578
91000 1248566
91000 1223655
91000 1257265
91000 1323326
91000 1417770
91000 1366447
91000 1222821
91000 1286406
91000 1275194
91000 1239899
91000 1376390
91000 1114124
91000 1367997
91000 1371414
91000 1284381
91000 1240456
91000 1320140
91000 1350430
91000 1290985
91000 1546674
91000 1369870
91000 1329790
91000 1400740
91000 1267364
91000 1182478
91000 1564776
91000 1389772
91000 1313741
91000 1208536
91000 1269360
91000 1375091
91000 1274259
91000 1538875
91000 1383911
91000 1339371
91000 1205993
91000 1358478
91000 1372514
91000 1119248
91000 1286544
91000 1217116
91000 1458979
91000 1433037
91000 1394723
91000 1180003
91000 1304681
91000 1359434
91000 1738927
91000 1341965
92000 1338978
92000 1229552
92000 1388326
92000 1247031
92000 1574000
92000 1445902
92000 1416296
92000 1282305
92000 1432040
92000 1417447
92000 1409839
92000 1380345
92000 1567007
92000 1372883
92000 1272363
92000 1310961
92000 1311204
92000 1327197
92000 1309504
92000 1258289
92000 1270941
92000 1558882
92000 1306663
92000 1369096
92000 1384323
92000 1383052
92000 1385790
92000 1294698
92000 1224275
92000 1411792
92000 1427672
92000 1627060
92000 1336683
92000 1438394
92000 1330773
92000 1312685
92000 1435482
92000 1288840
92000 1338457
92000 1340586
92000 1414718
92000 1403307
92000 1324579
92000 1361697
92000 1374509
92000 1375865
92000 1611050
92000 1417023
92000 1205078
92000 1331797
93000 1378533
93000 1320085
93000 1488876
93000 1241478
93000 1335514
93000 1559913
93000 1374217
93000 1278763
93000 1347763
93000 1361623
93000 1322944
93000 1271773
93000 1273978
93000 1636424
93000 1531847
93000 1253186
93000 1410062
93000 1371373
93000 1355082
93000 1206630
93000 1125309
93000 1384126
93000 1607169
93000 1489892
93000 1286332
93000 1660696
93000 1254790
93000 1256848
93000 1556962
93000 1297056
93000 1243139
93000 1418501
93000 1323753
93000 1430730
93000 1345829
93000 1203485
93000 1356299
93000 1288174
93000 1348654
93000 1269451
93000 1413630
93000 1423103
93000 1361805
93000 1199683
93000 1330757
93000 1257999
93000 1240406
93000 1330685
93000 1336205
93000 1252491
94000 1476607
94000 1418619
94000 1347107
94000 1259210
94000 1319385
94000 1269319
94000 1333126
94000 1623144
94000 1329788
94000 1677301
94000 1457881
94000 1420310
94000 1347063
94000 1483306
94000 1411099
94000 1205966
94000 1242796
94000 1512764
94000 1430935
94000 1318875
94000 1333348
94000 1249437
94000 1255535
94000 1316274
94000 1528735
94000 1433539
94000 1435284
94000 1507463
94000 1353539
94000 1619444
94000 1367476
94000 1248437
94000 1344250
94000 1387099
94000 1248580
94000 1560627
94000 1238715
94000 1340810
94000 1283317
94000 1543798
94000 1596581
94000 1372209
94000 1443432
94000 1344676
94000 1567498
94000 1289928
94000 1359749
94000 1200620
94000 1689273
94000 1274681
95000 1454535
95000 1257146
95000 1376617
95000 1525296
95000 1486196
95000 1385905
95000 1414129
95000 1372682
95000 1402009
95000 1249677
95000 1494073
95000 1389809
95000 1243812
95000 1201590
95000 1390097
95000 1344471
95000 1647561
95000 1313846
95000 1408717
95000 1321395
95000 1318209
95000 1286192
95000 1648445
95000 1405557
95000 1529491
95000 1251054
95000 1370730
95000 1221987
95000 1303186
95000 1474040
95000 1403527
95000 1322433
95000 1220066
95000 1381399
95000 1412117
95000 1261300
95000 1332565
95000 1643188
95000 1478322
95000 1295652
95000 1329063
95000 1475875
95000 1354951
95000 1279353
95000 1319812
95000 1461557
95000 1448314
95000 1233158
95000 1527317
95000 1196051
96000 1588134
96000 1655670
96000 1374250
96000 1297472
96000 1399992
96000 1345003
96000 1389905
96000 1409119
96000 1354025
96000 1318555
96000 1712052
96000 1373771
96000 1330346
96000 1234495
96000 1436894
96000 1292314
96000 1548487
96000 1563868
96000 1332944
96000 1473213
96000 1807568
96000 1436240
96000 1713142
96000 1220264
96000 1647607
96000 1229733
96000 1410039
96000 1288198
96000 1494729
96000 1408478
96000 1457372
96000 1306490
96000 1438544
96000 1381633
96000 1560152
96000 1326036
96000 1509263
96000 1278493
96000 1353845
96000 1356198
96000 1361222
96000 1242597
96000 1439320
96000 1399420
96000 1647848
96000 1407264
96000 1193948
96000 1319971
96000 1304728
96000 1310116
97000 1604692
97000 1269612
97000 1344836
97000 1439673
97000 1406396
97000 1319782
97000 1232724
97000 1551840
97000 1508096
97000 1393010
97000 1320315
97000 1533887
97000 1561981
97000 1456856
97000 1376127
97000 1294370
97000 1501650
97000 1705505
97000 1478342
97000 1489817
97000 1295075
97000 1586410
97000 1327151
97000 1560889
97000 1344808
97000 1268110
97000 1575602
97000 1296207
97000 1309656
97000 1360349
97000 1216527
97000 1275670
97000 1225797
97000 1480815
97000 1419746
97000 1342088
97000 1601359
97000 1351279
97000 1676311
97000 1298355
97000 1514731
97000 1354037
97000 1410030
97000 1283577
97000 1294221
97000 1330826
97000 1395483
97000 1596010
97000 1716520
97000 1432234
98000 1620879
98000 1558045
98000 1313714
98000 1368575
98000 1378572
98000 1598912
98000 1368552
98000 1560650
98000 1310996
98000 1547619
98000 1546333
98000 1465250
98000 1836822
98000 1470505
98000 1279116
98000 1396859
98000 1343101
98000 1395800
98000 1216349
98000 1339926
98000 1439037
98000 1541445
98000 1393833
98000 1291228
98000 1483122
98000 1676670
98000 1380785
98000 1550018
98000 1193696
98000 1463952
98000 1489772
98000 1440985
98000 1341513
98000 1446163
98000 1516241
98000 1698014
98000 1435254
98000 1408663
98000 1447275
98000 1568495
98000 1208892
98000 1383008
98000 1376246
98000 1593115
98000 1486691
98000 1567908
98000 1620578
98000 1304301
98000 1827936
98000 1468836
99000 1646053
99000 1521480
99000 1405493
99000 1530658
99000 1328170
99000 1391021
99000 1389677
99000 1291634
99000 1449861
99000 1394093
99000 1442240
99000 1353154
99000 1478300
99000 1400387
99000 1351087
99000 1489290
99000 1298414
99000 1324630
99000 1679186
99000 1356616
99000 1537870
99000 1373080
99000 1490807
99000 1319650
99000 1286766
99000 1332261
99000 1547556
99000 1513153
99000 1303981
99000 1281607
99000 1388500
99000 1319270
99000 1498154
99000 1568429
99000 1523778
99000 1430086
99000 1570238
99000 1315895
99000 1545400
99000 1379517
99000 1383892
99000 1558680
99000 1570143
99000 1560624
99000 1405145
99000 1665612
99000 1461913
99000 1358910
99000 1534157
99000 1457751
100000 1570017
100000 1430161
100000 1369897
100000 1446698
100000 1651483
100000 1616985
100000 1417733
100000 1338559
100000 1349661
100000 1277411
100000 1277217
100000 1594967
100000 1463735
100000 1380964
100000 1329795
100000 1616200
100000 1480950
100000 1635671
100000 1385877
100000 1490761
100000 1414364
100000 1466397
100000 1386011
100000 1661480
100000 1373740
100000 1294741
100000 1493466
100000 1465847
100000 1481767
100000 1481604
100000 1454246
100000 1496409
100000 1467752
100000 1246820
100000 1476782
100000 1730358
100000 1346172
100000 1941868
100000 1527423
100000 1398624
100000 1308031
100000 1407455
100000 1333108
100000 1449617
100000 1487696
100000 1432258
100000 1319479
100000 1575538
100000 1826139
100000 1396805
