1000 359
1000 349
1000 368
1000 358
1000 370
1000 364
1000 377
1000 385
1000 356
1000 353
1000 355
1000 360
1000 369
1000 365
1000 357
1000 366
1000 382
1000 378
1000 358
1000 383
1000 377
1000 359
1000 371
1000 359
1000 372
1000 390
1000 392
1000 399
1000 355
1000 364
1000 369
1000 377
1000 385
1000 374
1000 364
1000 364
1000 361
1000 368
1000 366
1000 369
1000 386
1000 358
1000 377
1000 374
1000 365
1000 375
1000 366
1000 374
1000 371
1000 366
2000 723
2000 728
2000 745
2000 732
2000 747
2000 730
2000 732
2000 715
2000 714
2000 747
2000 717
2000 764
2000 744
2000 706
2000 735
2000 726
2000 756
2000 727
2000 746
2000 738
2000 741
2000 730
2000 746
2000 737
2000 749
2000 748
2000 743
2000 722
2000 703
2000 734
2000 719
2000 710
2000 718
2000 741
2000 734
2000 725
2000 735
2000 717
2000 727
2000 755
2000 725
2000 740
2000 736
2000 735
2000 749
2000 737
2000 716
2000 728
2000 720
2000 721
3000 1110
3000 1111
3000 1118
3000 1124
3000 1109
3000 1076
3000 1111
3000 1127
3000 1111
3000 1101
3000 1087
3000 1105
3000 1119
3000 1105
3000 1079
3000 1098
3000 1095
3000 1080
3000 1111
3000 1136
3000 1114
3000 1130
3000 1124
3000 1088
3000 1083
3000 1108
3000 1109
3000 1129
3000 1105
3000 1086
3000 1118
3000 1110
3000 1121
3000 1079
3000 1109
3000 1115
3000 1141
3000 1087
3000 1109
3000 1119
3000 1143
3000 1077
3000 1119
3000 1095
3000 1112
3000 1131
3000 1087
3000 1080
3000 1109
3000 1086
4000 1509
4000 1484
4000 1490
4000 1473
4000 1430
4000 1479
4000 1434
4000 1465
4000 1470
4000 1414
4000 1469
4000 1448
4000 1456
4000 1477
4000 1471
4000 1456
4000 1481
4000 1498
4000 1449
4000 1478
4000 1451
4000 1507
4000 1492
4000 1475
4000 1461
4000 1474
4000 1493
4000 1476
4000 1453
4000 1468
4000 1459
4000 1480
4000 1475
4000 1450
4000 1473
4000 1493
4000 1469
4000 1478
4000 1461
4000 1461
4000 1479
4000 1484
4000 1431
4000 1467
4000 1470
4000 1493
4000 1444
4000 1454
4000 1483
4000 1482
5000 1849
5000 1814
5000 1826
5000 1834
5000 1889
5000 1839
5000 1871
5000 1852
5000 1787
5000 1810
5000 1849
5000 1876
5000 1842
5000 1898
5000 1827
5000 1826
5000 1789
5000 1847
5000 1828
5000 1851
5000 1856
5000 1850
5000 1805
5000 1841
5000 1852
5000 1819
5000 1864
5000 1806
5000 1882
5000 1792
5000 1863
5000 1827
5000 1821
5000 1843
5000 1843
5000 1855
5000 1866
5000 1857
5000 1862
5000 1852
5000 1830
5000 1819
5000 1838
5000 1831
5000 1820
5000 1862
5000 1820
5000 1862
5000 1860
5000 1815
6000 2224
6000 2187
6000 2218
6000 2161
6000 2205
6000 2193
6000 2216
6000 2190
6000 2219
6000 2205
6000 2224
6000 2229
6000 2195
6000 2247
6000 2180
6000 2252
6000 2212
6000 2164
6000 2221
6000 2247
6000 2228
6000 2172
6000 2186
6000 2218
6000 2257
6000 2208
6000 2212
6000 2217
6000 2218
6000 2193
6000 2234
6000 2227
6000 2180
6000 2185
6000 2233
6000 2191
6000 2205
6000 2219
6000 2198
6000 2192
6000 2209
6000 2183
6000 2232
6000 2213
6000 2141
6000 2236
6000 2191
6000 2192
6000 2215
6000 2241
7000 2556
7000 2565
7000 2570
7000 2542
7000 2556
7000 2583
7000 2579
7000 2552
7000 2562
7000 2582
7000 2586
7000 2553
7000 2567
7000 2577
7000 2503
7000 2577
7000 2595
7000 2554
7000 2636
7000 2612
7000 2572
7000 2552
7000 2547
7000 2613
7000 2618
7000 2585
7000 2532
7000 2572
7000 2562
7000 2583
7000 2610
7000 2535
7000 2556
7000 2574
7000 2554
7000 2545
7000 2584
7000 2606
7000 2577
7000 2561
7000 2583
7000 2579
7000 2570
7000 2570
7000 2576
7000 2565
7000 2587
7000 2523
7000 2550
7000 2568
8000 2949
8000 2972
8000 2987
8000 2918
8000 2894
8000 2904
8000 2998
8000 2930
8000 2967
8000 2937
8000 2939
8000 2961
8000 2958
8000 2910
8000 2911
8000 2901
8000 2975
8000 2958
8000 2961
8000 2866
8000 2963
8000 2978
8000 3013
8000 2940
8000 2922
8000 2946
8000 2970
8000 2942
8000 2897
8000 2965
8000 2929
8000 2942
8000 2961
8000 2913
8000 2947
8000 2958
8000 2968
8000 2978
8000 2998
8000 2952
8000 2965
8000 2960
8000 2986
8000 2940
8000 2910
8000 2900
8000 2979
8000 2932
8000 2886
8000 2932
9000 3318
9000 3296
9000 3331
9000 3291
9000 3298
9000 3329
9000 3326
9000 3325
9000 3320
9000 3300
9000 3305
9000 3309
9000 3342
9000 3329
9000 3314
9000 3283
9000 3309
9000 3289
9000 3341
9000 3303
9000 3239
9000 3326
9000 3294
9000 3269
9000 3319
9000 3333
9000 3301
9000 3338
9000 3330
9000 3264
9000 3324
9000 3288
9000 3282
9000 3342
9000 3286
9000 3281
9000 3319
9000 3315
9000 3268
9000 3282
9000 3303
9000 3343
9000 3315
9000 3369
9000 3325
9000 3287
9000 3338
9000 3333
9000 3295
9000 3327
10000 3656
10000 3669
10000 3683
10000 3685
10000 3727
10000 3759
10000 3676
10000 3690
10000 3644
10000 3688
10000 3641
10000 3666
10000 3719
10000 3652
10000 3719
10000 3734
10000 3639
10000 3714
10000 3713
10000 3683
10000 3683
10000 3710
10000 3688
10000 3656
10000 3694
10000 3619
10000 3660
10000 3686
10000 3667
10000 3720
10000 3718
10000 3676
10000 3686
10000 3714
10000 3654
10000 3694
10000 3687
10000 3693
10000 3652
10000 3646
10000 3736
10000 3697
10000 3760
10000 3648
10000 3716
10000 3652
10000 3668
10000 3661
10000 3703
10000 3663
11000 4050
11000 4047
11000 4045
11000 4079
11000 4007
11000 4063
11000 4036
11000 4081
11000 4029
11000 4057
11000 3995
11000 4067
11000 4053
11000 4036
11000 4001
11000 4061
11000 4029
11000 4005
11000 4022
11000 4093
11000 4060
11000 4093
11000 4042
11000 4111
11000 4087
11000 4008
11000 4041
11000 4023
11000 4064
11000 4067
11000 4074
11000 4033
11000 4053
11000 4013
11000 4053
11000 4121
11000 4101
11000 4027
11000 4052
11000 4076
11000 4064
11000 4023
11000 4039
11000 4038
11000 4043
11000 4000
11000 4037
11000 4055
11000 4025
11000 4044
12000 4396
12000 4447
12000 4430
12000 4351
12000 4457
12000 4421
12000 4383
12000 4420
12000 4442
12000 4435
12000 4401
12000 4417
12000 4399
12000 4378
12000 4406
12000 4420
12000 4444
12000 4400
12000 4490
12000 4438
12000 4461
12000 4350
12000 4434
12000 4431
12000 4430
12000 4411
12000 4433
12000 4383
12000 4445
12000 4431
12000 4401
12000 4349
12000 4427
12000 4420
12000 4341
12000 4457
12000 4441
12000 4419
12000 4438
12000 4396
12000 4373
12000 4422
12000 4437
12000 4410
12000 4387
12000 4357
12000 4371
12000 4382
12000 4377
12000 4383
13000 4793
13000 4819
13000 4779
13000 4813
13000 4742
13000 4828
13000 4790
13000 4800
13000 4787
13000 4793
13000 4742
13000 4793
13000 4731
13000 4814
13000 4824
13000 4748
13000 4738
13000 4786
13000 4780
13000 4845
13000 4819
13000 4780
13000 4763
13000 4854
13000 4784
13000 4779
13000 4750
13000 4896
13000 4782
13000 4751
13000 4780
13000 4818
13000 4809
13000 4796
13000 4809
13000 4729
13000 4793
13000 4824
13000 4837
13000 4744
13000 4770
13000 4813
13000 4757
13000 4771
13000 4781
13000 4811
13000 4785
13000 4779
13000 4729
13000 4786
14000 5122
14000 5141
14000 5091
14000 5155
14000 5174
14000 5157
14000 5118
14000 5152
14000 5130
14000 5114
14000 5145
14000 5157
14000 5176
14000 5182
14000 5153
14000 5142
14000 5163
14000 5162
14000 5136
14000 5176
14000 5158
14000 5198
14000 5128
14000 5155
14000 5096
14000 5108
14000 5150
14000 5177
14000 5166
14000 5207
14000 5121
14000 5125
14000 5169
14000 5158
14000 5163
14000 5167
14000 5104
14000 5209
14000 5142
14000 5185
14000 5158
14000 5132
14000 5185
14000 5185
14000 5101
14000 5176
14000 5119
14000 5226
14000 5211
14000 5094
15000 5541
15000 5524
15000 5497
15000 5524
15000 5483
15000 5514
15000 5545
15000 5600
15000 5541
15000 5467
15000 5483
15000 5465
15000 5477
15000 5474
15000 5530
15000 5548
15000 5502
15000 5609
15000 5524
15000 5531
15000 5548
15000 5477
15000 5587
15000 5564
15000 5548
15000 5468
15000 5568
15000 5551
15000 5513
15000 5494
15000 5525
15000 5493
15000 5482
15000 5425
15000 5549
15000 5556
15000 5443
15000 5510
15000 5524
15000 5594
15000 5509
15000 5571
15000 5558
15000 5512
15000 5480
15000 5535
15000 5501
15000 5524
15000 5529
15000 5532
16000 5873
16000 5916
16000 5860
16000 5907
16000 5901
16000 5878
16000 5881
16000 5864
16000 5923
16000 5935
16000 5893
16000 5921
16000 5863
16000 5898
16000 5898
16000 5872
16000 5798
16000 5870
16000 5854
16000 5863
16000 5868
16000 5893
16000 5845
16000 5889
16000 5906
16000 5879
16000 5944
16000 5789
16000 5864
16000 5918
16000 5803
16000 5850
16000 5997
16000 5836
16000 5898
16000 5924
16000 5841
16000 5874
16000 5810
16000 5898
16000 5869
16000 5894
16000 5917
16000 5820
16000 5844
16000 5815
16000 5877
16000 5885
16000 5867
16000 5896
17000 6321
17000 6207
17000 6209
17000 6193
17000 6200
17000 6197
17000 6173
17000 6231
17000 6313
17000 6276
17000 6227
17000 6223
17000 6245
17000 6253
17000 6375
17000 6200
17000 6227
17000 6194
17000 6335
17000 6265
17000 6279
17000 6268
17000 6240
17000 6301
17000 6239
17000 6281
17000 6200
17000 6231
17000 6289
17000 6246
17000 6287
17000 6304
17000 6244
17000 6169
17000 6249
17000 6302
17000 6334
17000 6349
17000 6322
17000 6207
17000 6231
17000 6290
17000 6215
17000 6217
17000 6276
17000 6167
17000 6227
17000 6162
17000 6223
17000 6219
18000 6647
18000 6544
18000 6665
18000 6644
18000 6595
18000 6572
18000 6552
18000 6678
18000 6643
18000 6686
18000 6605
18000 6657
18000 6588
18000 6639
18000 6644
18000 6596
18000 6629
18000 6576
18000 6618
18000 6583
18000 6684
18000 6695
18000 6541
18000 6628
18000 6674
18000 6552
18000 6607
18000 6632
18000 6667
18000 6513
18000 6599
18000 6656
18000 6668
18000 6585
18000 6648
18000 6619
18000 6620
18000 6593
18000 6608
18000 6696
18000 6577
18000 6604
18000 6696
18000 6600
18000 6557
18000 6513
18000 6676
18000 6696
18000 6655
18000 6655
19000 6974
19000 6998
19000 7010
19000 7015
19000 6957
19000 7017
19000 7022
19000 7020
19000 6994
19000 7047
19000 7000
19000 6948
19000 6961
19000 7030
19000 7046
19000 6942
19000 7009
19000 6955
19000 7022
19000 6974
19000 7049
19000 7000
19000 6947
19000 7003
19000 6978
19000 6994
19000 6958
19000 7009
19000 7029
19000 7053
19000 6933
19000 6959
19000 7011
19000 6995
19000 6998
19000 7054
19000 7052
19000 6990
19000 7015
19000 6996
19000 7005
19000 6914
19000 6971
19000 7051
19000 7033
19000 7097
19000 6927
19000 7005
19000 6950
19000 6896
20000 7347
20000 7344
20000 7275
20000 7444
20000 7370
20000 7363
20000 7291
20000 7317
20000 7317
20000 7322
20000 7352
20000 7300
20000 7307
20000 7338
20000 7339
20000 7356
20000 7301
20000 7346
20000 7334
20000 7328
20000 7357
20000 7370
20000 7349
20000 7409
20000 7289
20000 7324
20000 7366
20000 7382
20000 7409
20000 7270
20000 7385
20000 7367
20000 7353
20000 7373
20000 7368
20000 7319
20000 7291
20000 7428
20000 7396
20000 7329
20000 7354
20000 7343
20000 7330
20000 7347
20000 7345
20000 7382
20000 7396
20000 7375
20000 7351
20000 7306
21000 7743
21000 7754
21000 7715
21000 7681
21000 7699
21000 7714
21000 7727
21000 7700
21000 7755
21000 7695
21000 7663
21000 7694
21000 7688
21000 7709
21000 7733
21000 7712
21000 7767
21000 7731
21000 7666
21000 7705
21000 7722
21000 7663
21000 7619
21000 7684
21000 7676
21000 7727
21000 7776
21000 7828
21000 7753
21000 7807
21000 7709
21000 7800
21000 7710
21000 7732
21000 7719
21000 7730
21000 7721
21000 7690
21000 7671
21000 7703
21000 7673
21000 7696
21000 7663
21000 7716
21000 7780
21000 7737
21000 7656
21000 7715
21000 7652
21000 7712
22000 8111
22000 8108
22000 8051
22000 8073
22000 8095
22000 8044
22000 8054
22000 8020
22000 8078
22000 8151
22000 7985
22000 8067
22000 8053
22000 8050
22000 8104
22000 8124
22000 8074
22000 8121
22000 8101
22000 8149
22000 8064
22000 8026
22000 8007
22000 8128
22000 8125
22000 8049
22000 8086
22000 8060
22000 8003
22000 8103
22000 8114
22000 8118
22000 8091
22000 8041
22000 8066
22000 8098
22000 8060
22000 8216
22000 8052
22000 8084
22000 8015
22000 8091
22000 8158
22000 8090
22000 8119
22000 8178
22000 8109
22000 7990
22000 8106
22000 8111
23000 8496
23000 8504
23000 8466
23000 8423
23000 8491
23000 8465
23000 8422
23000 8438
23000 8445
23000 8555
23000 8496
23000 8469
23000 8474
23000 8386
23000 8496
23000 8456
23000 8515
23000 8474
23000 8531
23000 8464
23000 8522
23000 8425
23000 8427
23000 8453
23000 8537
23000 8386
23000 8506
23000 8492
23000 8440
23000 8415
23000 8365
23000 8471
23000 8416
23000 8515
23000 8432
23000 8374
23000 8503
23000 8521
23000 8460
23000 8481
23000 8442
23000 8426
23000 8527
23000 8377
23000 8436
23000 8390
23000 8500
23000 8522
23000 8409
23000 8396
24000 8855
24000 8851
24000 8895
24000 8748
24000 8844
24000 8751
24000 8865
24000 8882
24000 8827
24000 8815
24000 8890
24000 8937
24000 8840
24000 8778
24000 8894
24000 8828
24000 8749
24000 8785
24000 8827
24000 8768
24000 8841
24000 8693
24000 8844
24000 8865
24000 8800
24000 8850
24000 8812
24000 8771
24000 8765
24000 8794
24000 8898
24000 8734
24000 8829
24000 8848
24000 8823
24000 8799
24000 8913
24000 8851
24000 8855
24000 8774
24000 8830
24000 8868
24000 8854
24000 8780
24000 8785
24000 8879
24000 8838
24000 8792
24000 8856
24000 8939
25000 9225
25000 9231
25000 9271
25000 9197
25000 9252
25000 9116
25000 9226
25000 9159
25000 9202
25000 9150
25000 9173
25000 9100
25000 9204
25000 9234
25000 9134
25000 9337
25000 9222
25000 9169
25000 9197
25000 9165
25000 9230
25000 9138
25000 9204
25000 9254
25000 9169
25000 9218
25000 9224
25000 9129
25000 9205
25000 9188
25000 9293
25000 9275
25000 9238
25000 9226
25000 9237
25000 9152
25000 9208
25000 9181
25000 9197
25000 9233
25000 9156
25000 9201
25000 9100
25000 9132
25000 9246
25000 9165
25000 9212
25000 9128
25000 9263
25000 9259
26000 9554
26000 9512
26000 9540
26000 9597
26000 9552
26000 9518
26000 9473
26000 9512
26000 9687
26000 9607
26000 9563
26000 9509
26000 9632
26000 9511
26000 9650
26000 9537
26000 9559
26000 9571
26000 9530
26000 9503
26000 9610
26000 9493
26000 9542
26000 9732
26000 9538
26000 9631
26000 9558
26000 9600
26000 9613
26000 9452
26000 9594
26000 9586
26000 9577
26000 9598
26000 9678
26000 9536
26000 9644
26000 9548
26000 9427
26000 9591
26000 9584
26000 9602
26000 9589
26000 9586
26000 9545
26000 9557
26000 9555
26000 9597
26000 9548
26000 9533
27000 9939
27000 9874
27000 9922
27000 9927
27000 10006
27000 9888
27000 9981
27000 9942
27000 9915
27000 9941
27000 9953
27000 10024
27000 9892
27000 9972
27000 9854
27000 9982
27000 9858
27000 9999
27000 9930
27000 9886
27000 9927
27000 9926
27000 9910
27000 9905
27000 9900
27000 9968
27000 9877
27000 9873
27000 9916
27000 9933
27000 9927
27000 9928
27000 9862
27000 9907
27000 9950
27000 9900
27000 9908
27000 9898
27000 9960
27000 9928
27000 9975
27000 9941
27000 10025
27000 9895
27000 10014
27000 9956
27000 9920
27000 9855
27000 9844
27000 9964
28000 10307
28000 10246
28000 10320
28000 10275
28000 10325
28000 10314
28000 10301
28000 10226
28000 10334
28000 10270
28000 10300
28000 10190
28000 10317
28000 10232
28000 10335
28000 10382
28000 10249
28000 10415
28000 10293
28000 10314
28000 10307
28000 10233
28000 10195
28000 10397
28000 10180
28000 10241
28000 10322
28000 10399
28000 10297
28000 10372
28000 10366
28000 10275
28000 10232
28000 10302
28000 10238
28000 10276
28000 10281
28000 10225
28000 10358
28000 10360
28000 10141
28000 10259
28000 10363
28000 10261
28000 10336
28000 10326
28000 10166
28000 10245
28000 10336
28000 10275
29000 10724
29000 10620
29000 10681
29000 10608
29000 10691
29000 10647
29000 10641
29000 10601
29000 10684
29000 10701
29000 10691
29000 10720
29000 10635
29000 10764
29000 10663
29000 10696
29000 10658
29000 10666
29000 10643
29000 10582
29000 10775
29000 10634
29000 10659
29000 10751
29000 10553
29000 10684
29000 10654
29000 10650
29000 10701
29000 10625
29000 10645
29000 10593
29000 10647
29000 10692
29000 10626
29000 10741
29000 10621
29000 10741
29000 10578
29000 10657
29000 10702
29000 10709
29000 10617
29000 10749
29000 10671
29000 10656
29000 10603
29000 10639
29000 10641
29000 10588
30000 11099
30000 10962
30000 11095
30000 10988
30000 11128
30000 10947
30000 11091
30000 10993
30000 11097
30000 10968
30000 11034
30000 11073
30000 11063
30000 11061
30000 11061
30000 11005
30000 11010
30000 10990
30000 11060
30000 11063
30000 11093
30000 11128
30000 10982
30000 11076
30000 10928
30000 11113
30000 11069
30000 11014
30000 10941
30000 11008
30000 11055
30000 11131
30000 11137
30000 11134
30000 11030
30000 10987
30000 11010
30000 10986
30000 10963
30000 10862
30000 10977
30000 11018
30000 11134
30000 11007
30000 11038
30000 10977
30000 11070
30000 11039
30000 11037
30000 11038
31000 11412
31000 11347
31000 11361
31000 11415
31000 11482
31000 11387
31000 11568
31000 11391
31000 11423
31000 11410
31000 11378
31000 11341
31000 11412
31000 11401
31000 11484
31000 11458
31000 11388
31000 11319
31000 11284
31000 11426
31000 11396
31000 11478
31000 11467
31000 11365
31000 11304
31000 11361
31000 11404
31000 11429
31000 11410
31000 11418
31000 11361
31000 11314
31000 11344
31000 11396
31000 11360
31000 11530
31000 11402
31000 11442
31000 11394
31000 11446
31000 11454
31000 11497
31000 11420
31000 11360
31000 11574
31000 11339
31000 11456
31000 11374
31000 11408
31000 11414
32000 11846
32000 11764
32000 11793
32000 11846
32000 11734
32000 11757
32000 11758
32000 11839
32000 11790
32000 11881
32000 11798
32000 11839
32000 11771
32000 11716
32000 11836
32000 11790
32000 11822
32000 11735
32000 11722
32000 11779
32000 11750
32000 11849
32000 11686
32000 11749
32000 11813
32000 11724
32000 11697
32000 11810
32000 11729
32000 11771
32000 11643
32000 11748
32000 11750
32000 11714
32000 11805
32000 11836
32000 11748
32000 11766
32000 11748
32000 11825
32000 11741
32000 11849
32000 11850
32000 11869
32000 11763
32000 11802
32000 11748
32000 11816
32000 11732
32000 11716
33000 12113
33000 12199
33000 12129
33000 12085
33000 12220
33000 12163
33000 12204
33000 12055
33000 12191
33000 12157
33000 12081
33000 12127
33000 12185
33000 12279
33000 12066
33000 12144
33000 12256
33000 12153
33000 12166
33000 12133
33000 12228
33000 12132
33000 12124
33000 12115
33000 12134
33000 12112
33000 12109
33000 12172
33000 12191
33000 12027
33000 12195
33000 12116
33000 12163
33000 12068
33000 12168
33000 12106
33000 12184
33000 12033
33000 12139
33000 12247
33000 12185
33000 12238
33000 12132
33000 12093
33000 12186
33000 12090
33000 12101
33000 12097
33000 12194
33000 12161
34000 12498
34000 12484
34000 12570
34000 12612
34000 12509
34000 12433
34000 12478
34000 12444
34000 12528
34000 12436
34000 12648
34000 12539
34000 12504
34000 12401
34000 12405
34000 12564
34000 12540
34000 12522
34000 12630
34000 12575
34000 12506
34000 12472
34000 12500
34000 12559
34000 12422
34000 12487
34000 12587
34000 12525
34000 12437
34000 12519
34000 12583
34000 12424
34000 12471
34000 12461
34000 12541
34000 12480
34000 12553
34000 12565
34000 12458
34000 12483
34000 12411
34000 12514
34000 12433
34000 12534
34000 12490
34000 12481
34000 12426
34000 12447
34000 12550
34000 12477
35000 12840
35000 12832
35000 12813
35000 12810
35000 12802
35000 12878
35000 12794
35000 12896
35000 12954
35000 12876
35000 12854
35000 12871
35000 12806
35000 12929
35000 12904
35000 12941
35000 12892
35000 12776
35000 12781
35000 12933
35000 12901
35000 12846
35000 12798
35000 12817
35000 12895
35000 12925
35000 12784
35000 12962
35000 12925
35000 12886
35000 12813
35000 12902
35000 12829
35000 12911
35000 12941
35000 12908
35000 12795
35000 12864
35000 12941
35000 12851
35000 12933
35000 12933
35000 12756
35000 12899
35000 12872
35000 12879
35000 13005
35000 12835
35000 12855
35000 12845
36000 13235
36000 13271
36000 13218
36000 13335
36000 13134
36000 13211
36000 13324
36000 13255
36000 13241
36000 13267
36000 13242
36000 13254
36000 13294
36000 13254
36000 13175
36000 13225
36000 13307
36000 13306
36000 13260
36000 13210
36000 13257
36000 13282
36000 13220
36000 13285
36000 13318
36000 13339
36000 13194
36000 13191
36000 13199
36000 13252
36000 13145
36000 13302
36000 13309
36000 13202
36000 13291
36000 13262
36000 13187
36000 13327
36000 13148
36000 13226
36000 13225
36000 13249
36000 13241
36000 13166
36000 13190
36000 13272
36000 13335
36000 13196
36000 13278
36000 13218
37000 13517
37000 13656
37000 13623
37000 13608
37000 13593
37000 13573
37000 13607
37000 13647
37000 13570
37000 13655
37000 13686
37000 13646
37000 13608
37000 13654
37000 13655
37000 13701
37000 13664
37000 13589
37000 13595
37000 13694
37000 13675
37000 13618
37000 13708
37000 13526
37000 13647
37000 13513
37000 13607
37000 13648
37000 13484
37000 13534
37000 13623
37000 13719
37000 13646
37000 13638
37000 13627
37000 13748
37000 13628
37000 13647
37000 13603
37000 13712
37000 13541
37000 13639
37000 13605
37000 13538
37000 13571
37000 13553
37000 13553
37000 13610
37000 13517
37000 13647
38000 13943
38000 13942
38000 14037
38000 13949
38000 14049
38000 14036
38000 13951
38000 13999
38000 14008
38000 13931
38000 13921
38000 14013
38000 13881
38000 14095
38000 14015
38000 13999
38000 13924
38000 14033
38000 14066
38000 14106
38000 13974
38000 14041
38000 13932
38000 13942
38000 13945
38000 14046
38000 13971
38000 13950
38000 13886
38000 14034
38000 14017
38000 14040
38000 13943
38000 13979
38000 14046
38000 13911
38000 13919
38000 14020
38000 13880
38000 14020
38000 14069
38000 13935
38000 13912
38000 14000
38000 13993
38000 13908
38000 14024
38000 13979
38000 14026
38000 13926
39000 14315
39000 14300
39000 14283
39000 14496
39000 14358
39000 14433
39000 14286
39000 14365
39000 14349
39000 14306
39000 14388
39000 14395
39000 14326
39000 14272
39000 14392
39000 14226
39000 14357
39000 14378
39000 14352
39000 14356
39000 14417
39000 14390
39000 14236
39000 14280
39000 14288
39000 14419
39000 14276
39000 14358
39000 14405
39000 14393
39000 14386
39000 14253
39000 14267
39000 14468
39000 14446
39000 14320
39000 14330
39000 14405
39000 14391
39000 14367
39000 14379
39000 14290
39000 14332
39000 14423
39000 14445
39000 14341
39000 14323
39000 14250
39000 14348
39000 14264
40000 14643
40000 14790
40000 14716
40000 14704
40000 14767
40000 14793
40000 14632
40000 14837
40000 14722
40000 14705
40000 14885
40000 14806
40000 14715
40000 14655
40000 14744
40000 14781
40000 14747
40000 14723
40000 14692
40000 14764
40000 14811
40000 14722
40000 14826
40000 14778
40000 14792
40000 14755
40000 14712
40000 14637
40000 14754
40000 14759
40000 14722
40000 14718
40000 14693
40000 14778
40000 14652
40000 14778
40000 14814
40000 14664
40000 14680
40000 14749
40000 14646
40000 14684
40000 14760
40000 14854
40000 14695
40000 14665
40000 14678
40000 14611
40000 14699
40000 14640
41000 14951
41000 15105
41000 15052
41000 15046
41000 15053
41000 15124
41000 14999
41000 15159
41000 15157
41000 15012
41000 15071
41000 15117
41000 15105
41000 15051
41000 15129
41000 15063
41000 15126
41000 15098
41000 15126
41000 15068
41000 15143
41000 15039
41000 15037
41000 15068
41000 15176
41000 15084
41000 15079
41000 15114
41000 15088
41000 15192
41000 15007
41000 15056
41000 15114
41000 15134
41000 15027
41000 15028
41000 14996
41000 15187
41000 15124
41000 15094
41000 15069
41000 15115
41000 15128
41000 15156
41000 15249
41000 15070
41000 15124
41000 15019
41000 15103
41000 15068
42000 15398
42000 15472
42000 15409
42000 15418
42000 15426
42000 15515
42000 15494
42000 15504
42000 15510
42000 15405
42000 15386
42000 15480
42000 15424
42000 15542
42000 15299
42000 15483
42000 15401
42000 15453
42000 15559
42000 15526
42000 15442
42000 15426
42000 15415
42000 15388
42000 15476
42000 15444
42000 15341
42000 15383
42000 15415
42000 15453
42000 15486
42000 15470
42000 15377
42000 15489
42000 15424
42000 15457
42000 15385
42000 15400
42000 15469
42000 15391
42000 15440
42000 15571
42000 15421
42000 15458
42000 15497
42000 15378
42000 15378
42000 15471
42000 15502
42000 15600
43000 15802
43000 15839
43000 15770
43000 15779
43000 15790
43000 15820
43000 15820
43000 15765
43000 15772
43000 15828
43000 15844
43000 15913
43000 15713
43000 15820
43000 15759
43000 15854
43000 15781
43000 15739
43000 15827
43000 15781
43000 15851
43000 15936
43000 15921
43000 15843
43000 15743
43000 15809
43000 15849
43000 15815
43000 15778
43000 15929
43000 15770
43000 15823
43000 15903
43000 15800
43000 15956
43000 15869
43000 15712
43000 15850
43000 15869
43000 15817
43000 15863
43000 15781
43000 15908
43000 16016
43000 15798
43000 15838
43000 15687
43000 15803
43000 15802
43000 15822
44000 16174
44000 16169
44000 16219
44000 16272
44000 16208
44000 16209
44000 16220
44000 16133
44000 16150
44000 16109
44000 16170
44000 16247
44000 16135
44000 16059
44000 16115
44000 16095
44000 16042
44000 16231
44000 16180
44000 16112
44000 16166
44000 16102
44000 16206
44000 16136
44000 16182
44000 16149
44000 16155
44000 16214
44000 16222
44000 16195
44000 16074
44000 16177
44000 16284
44000 16059
44000 16156
44000 16297
44000 16118
44000 16171
44000 16204
44000 16186
44000 16101
44000 16151
44000 16220
44000 16182
44000 16149
44000 16081
44000 16287
44000 16195
44000 16238
44000 16172
45000 16524
45000 16554
45000 16539
45000 16588
45000 16587
45000 16484
45000 16603
45000 16557
45000 16511
45000 16615
45000 16569
45000 16589
45000 16597
45000 16513
45000 16532
45000 16571
45000 16748
45000 16467
45000 16645
45000 16506
45000 16575
45000 16622
45000 16588
45000 16581
45000 16561
45000 16564
45000 16574
45000 16516
45000 16552
45000 16516
45000 16510
45000 16650
45000 16698
45000 16488
45000 16543
45000 16522
45000 16451
45000 16503
45000 16519
45000 16607
45000 16736
45000 16492
45000 16613
45000 16420
45000 16586
45000 16734
45000 16501
45000 16640
45000 16617
45000 16592
46000 16870
46000 17012
46000 16919
46000 16889
46000 16926
46000 16905
46000 16832
46000 16995
46000 16998
46000 16914
46000 16976
46000 16874
46000 16933
46000 16850
46000 16929
46000 16872
46000 17027
46000 16873
46000 16857
46000 16916
46000 16929
46000 16794
46000 17020
46000 16889
46000 16954
46000 16942
46000 16920
46000 16852
46000 16982
46000 16820
46000 16937
46000 16920
46000 16895
46000 16775
46000 16831
46000 16982
46000 16937
46000 16773
46000 16850
46000 16917
46000 16820
46000 16884
46000 16932
46000 16898
46000 16965
46000 16779
46000 16933
46000 16941
46000 16942
46000 16890
47000 17268
47000 17315
47000 17215
47000 17363
47000 17233
47000 17345
47000 17144
47000 17196
47000 17321
47000 17343
47000 17332
47000 17299
47000 17335
47000 17317
47000 17222
47000 17414
47000 17358
47000 17276
47000 17317
47000 17248
47000 17158
47000 17229
47000 17363
47000 17187
47000 17212
47000 17263
47000 17342
47000 17378
47000 17317
47000 17210
47000 17156
47000 17305
47000 17279
47000 17314
47000 17188
47000 17332
47000 17353
47000 17310
47000 17283
47000 17367
47000 17302
47000 17310
47000 17353
47000 17366
47000 17204
47000 17179
47000 17359
47000 17337
47000 17391
47000 17333
48000 17578
48000 17714
48000 17581
48000 17620
48000 17532
48000 17792
48000 17709
48000 17601
48000 17548
48000 17702
48000 17602
48000 17683
48000 17533
48000 17726
48000 17606
48000 17723
48000 17663
48000 17742
48000 17801
48000 17654
48000 17623
48000 17615
48000 17690
48000 17672
48000 17718
48000 17531
48000 17747
48000 17693
48000 17678
48000 17692
48000 17757
48000 17592
48000 17623
48000 17497
48000 17720
48000 17670
48000 17602
48000 17710
48000 17621
48000 17642
48000 17563
48000 17721
48000 17601
48000 17599
48000 17574
48000 17766
48000 17660
48000 17660
48000 17746
48000 17681
49000 18064
49000 18023
49000 18000
49000 18084
49000 18043
49000 17987
49000 18063
49000 17995
49000 18026
49000 18040
49000 18034
49000 17981
49000 18104
49000 17998
49000 17998
49000 17997
49000 18016
49000 18047
49000 18045
49000 17969
49000 18145
49000 18078
49000 17984
49000 18029
49000 18029
49000 18065
49000 18030
49000 18091
49000 18024
49000 17976
49000 18099
49000 18201
49000 18006
49000 18116
49000 17956
49000 18103
49000 18092
49000 17964
49000 18000
49000 18044
49000 18214
49000 18080
49000 18022
49000 18120
49000 17970
49000 17971
49000 17965
49000 17979
49000 18088
49000 18046
50000 18381
50000 18413
50000 18434
50000 18499
50000 18325
50000 18415
50000 18418
50000 18356
50000 18475
50000 18395
50000 18356
50000 18314
50000 18281
50000 18371
50000 18402
50000 18270
50000 18384
50000 18430
50000 18383
50000 18398
50000 18425
50000 18461
50000 18486
50000 18450
50000 18399
50000 18318
50000 18459
50000 18414
50000 18316
50000 18463
50000 18449
50000 18388
50000 18395
50000 18215
50000 18348
50000 18418
50000 18263
50000 18416
50000 18353
50000 18377
50000 18363
50000 18447
50000 18519
50000 18380
50000 18401
50000 18466
50000 18311
50000 18389
50000 18495
50000 18482
51000 18711
51000 18763
51000 18651
51000 18933
51000 18810
51000 18805
51000 18802
51000 18665
51000 18732
51000 18855
51000 18776
51000 18786
51000 18671
51000 18622
51000 18802
51000 18777
51000 18798
51000 18742
51000 18785
51000 18781
51000 18740
51000 18691
51000 18755
51000 18830
51000 18696
51000 18726
51000 18731
51000 18776
51000 18881
51000 18789
51000 18736
51000 18728
51000 18796
51000 18595
51000 18795
51000 18757
51000 18885
51000 18894
51000 18909
51000 18806
51000 18728
51000 18831
51000 18657
51000 18684
51000 18864
51000 18640
51000 18709
51000 18787
51000 18841
51000 18655
52000 19160
52000 19036
52000 19058
52000 19151
52000 19172
52000 19154
52000 19158
52000 19162
52000 19099
52000 19049
52000 19296
52000 19073
52000 19193
52000 19183
52000 19079
52000 19110
52000 19106
52000 19076
52000 19107
52000 19184
52000 19120
52000 19201
52000 19268
52000 19130
52000 19153
52000 19203
52000 19218
52000 19154
52000 19039
52000 19016
52000 19021
52000 19112
52000 19050
52000 19200
52000 19049
52000 19044
52000 19057
52000 19083
52000 19062
52000 19138
52000 19098
52000 19118
52000 19320
52000 19157
52000 19153
52000 18968
52000 19260
52000 19072
52000 19233
52000 19014
53000 19544
53000 19493
53000 19536
53000 19385
53000 19505
53000 19590
53000 19613
53000 19503
53000 19506
53000 19516
53000 19543
53000 19457
53000 19527
53000 19463
53000 19546
53000 19616
53000 19453
53000 19739
53000 19516
53000 19317
53000 19461
53000 19514
53000 19474
53000 19528
53000 19392
53000 19474
53000 19590
53000 19501
53000 19676
53000 19497
53000 19365
53000 19481
53000 19558
53000 19486
53000 19543
53000 19587
53000 19518
53000 19514
53000 19437
53000 19535
53000 19573
53000 19519
53000 19464
53000 19623
53000 19551
53000 19500
53000 19478
53000 19372
53000 19529
53000 19541
54000 19777
54000 19926
54000 19814
54000 19912
54000 19810
54000 19905
54000 19892
54000 19893
54000 19890
54000 19854
54000 19921
54000 19959
54000 19805
54000 19830
54000 19895
54000 19896
54000 19829
54000 19949
54000 19907
54000 19944
54000 19913
54000 19892
54000 19872
54000 19908
54000 19812
54000 19843
54000 19926
54000 19931
54000 19868
54000 20040
54000 19834
54000 19947
54000 19889
54000 19878
54000 19583
54000 19934
54000 19926
54000 19874
54000 19921
54000 19777
54000 19838
54000 19957
54000 19811
54000 19835
54000 19824
54000 19785
54000 19950
54000 19878
54000 19901
54000 19933
55000 20270
55000 20318
55000 20281
55000 20225
55000 20241
55000 20180
55000 20293
55000 20256
55000 20176
55000 20252
55000 20214
55000 20352
55000 20256
55000 20236
55000 20187
55000 20208
55000 20343
55000 20269
55000 20381
55000 20294
55000 20293
55000 20120
55000 20442
55000 20189
55000 20203
55000 20213
55000 20204
55000 20174
55000 20087
55000 20221
55000 20136
55000 20242
55000 20191
55000 20135
55000 20380
55000 20143
55000 20270
55000 20257
55000 20290
55000 20191
55000 20266
55000 20289
55000 20303
55000 20224
55000 20227
55000 20168
55000 20225
55000 20259
55000 20258
55000 20158
56000 20536
56000 20615
56000 20466
56000 20624
56000 20533
56000 20684
56000 20615
56000 20566
56000 20536
56000 20558
56000 20558
56000 20486
56000 20669
56000 20588
56000 20608
56000 20547
56000 20674
56000 20654
56000 20618
56000 20630
56000 20598
56000 20539
56000 20526
56000 20502
56000 20578
56000 20582
56000 20591
56000 20721
56000 20463
56000 20655
56000 20527
56000 20551
56000 20616
56000 20616
56000 20562
56000 20625
56000 20508
56000 20557
56000 20591
56000 20537
56000 20704
56000 20644
56000 20541
56000 20589
56000 20801
56000 20590
56000 20567
56000 20720
56000 20688
56000 20684
57000 20978
57000 20825
57000 20976
57000 21073
57000 20940
57000 20889
57000 21002
57000 20922
57000 21025
57000 20951
57000 20898
57000 21010
57000 21061
57000 20971
57000 20888
57000 20923
57000 21068
57000 20921
57000 21023
57000 20893
57000 20900
57000 20951
57000 20993
57000 20922
57000 20971
57000 21059
57000 20962
57000 20985
57000 21040
57000 20925
57000 20982
57000 20952
57000 20897
57000 20946
57000 21004
57000 20963
57000 21061
57000 20927
57000 21023
57000 20917
57000 20976
57000 20965
57000 21200
57000 20872
57000 21025
57000 20968
57000 20871
57000 21005
57000 20962
57000 20980
58000 21173
58000 21231
58000 21295
58000 21316
58000 21328
58000 21387
58000 21476
58000 21486
58000 21379
58000 21426
58000 21260
58000 21456
58000 21319
58000 21417
58000 21339
58000 21353
58000 21396
58000 21373
58000 21357
58000 21395
58000 21242
58000 21422
58000 21253
58000 21338
58000 21358
58000 21289
58000 21370
58000 21243
58000 21182
58000 21265
58000 21410
58000 21425
58000 21405
58000 21227
58000 21440
58000 21413
58000 21415
58000 21298
58000 21267
58000 21291
58000 21403
58000 21398
58000 21221
58000 21292
58000 21356
58000 21350
58000 21374
58000 21266
58000 21387
58000 21320
59000 21648
59000 21705
59000 21589
59000 21731
59000 21762
59000 21656
59000 21773
59000 21584
59000 21691
59000 21701
59000 21674
59000 21818
59000 21600
59000 21808
59000 21599
59000 21610
59000 21912
59000 21653
59000 21739
59000 21696
59000 21881
59000 21805
59000 21619
59000 21688
59000 21796
59000 21661
59000 21566
59000 21707
59000 21821
59000 21644
59000 21851
59000 21899
59000 21761
59000 21601
59000 21678
59000 21595
59000 21739
59000 21660
59000 21686
59000 21660
59000 21739
59000 21635
59000 21679
59000 21656
59000 21623
59000 21666
59000 21660
59000 21640
59000 21651
59000 21812
60000 21989
60000 22104
60000 22082
60000 22134
60000 22115
60000 22133
60000 22012
60000 22141
60000 22244
60000 22223
60000 22136
60000 22059
60000 21973
60000 22030
60000 22061
60000 22100
60000 21884
60000 22109
60000 22102
60000 22048
60000 22103
60000 21986
60000 21999
60000 22031
60000 22010
60000 21986
60000 22127
60000 22061
60000 21991
60000 22003
60000 22011
60000 22071
60000 22072
60000 22098
60000 22003
60000 22147
60000 21978
60000 22038
60000 22253
60000 22084
60000 21868
60000 22147
60000 22117
60000 22002
60000 22179
60000 22122
60000 22051
60000 22029
60000 22171
60000 22137
61000 22415
61000 22415
61000 22569
61000 22487
61000 22487
61000 22393
61000 22380
61000 22391
61000 22444
61000 22464
61000 22445
61000 22609
61000 22417
61000 22449
61000 22376
61000 22386
61000 22626
61000 22621
61000 22527
61000 22509
61000 22371
61000 22532
61000 22414
61000 22464
61000 22511
61000 22401
61000 22425
61000 22441
61000 22457
61000 22412
61000 22306
61000 22440
61000 22488
61000 22351
61000 22431
61000 22510
61000 22447
61000 22462
61000 22377
61000 22472
61000 22379
61000 22488
61000 22349
61000 22442
61000 22430
61000 22467
61000 22449
61000 22498
61000 22412
61000 22418
62000 22646
62000 22914
62000 22807
62000 22903
62000 22850
62000 22860
62000 22754
62000 22885
62000 22834
62000 22740
62000 22842
62000 22790
62000 22777
62000 22957
62000 22850
62000 22947
62000 22831
62000 22818
62000 22823
62000 22833
62000 22829
62000 22895
62000 22897
62000 22671
62000 22807
62000 22777
62000 22814
62000 22704
62000 22712
62000 22926
62000 22897
62000 22794
62000 22844
62000 22886
62000 22779
62000 22648
62000 22755
62000 22804
62000 22962
62000 22819
62000 22872
62000 22861
62000 22792
62000 22829
62000 22676
62000 22930
62000 22823
62000 22675
62000 22829
62000 22882
63000 23178
63000 23144
63000 23143
63000 23152
63000 23190
63000 23133
63000 23241
63000 23200
63000 23176
63000 23127
63000 23374
63000 23187
63000 23253
63000 23386
63000 23178
63000 23018
63000 23263
63000 23245
63000 23280
63000 23227
63000 23348
63000 23155
63000 23169
63000 23231
63000 23168
63000 23103
63000 23265
63000 23201
63000 23030
63000 23209
63000 23303
63000 23197
63000 23239
63000 23168
63000 23125
63000 23167
63000 22993
63000 23179
63000 22986
63000 23135
63000 23072
63000 23179
63000 23161
63000 23000
63000 23112
63000 23139
63000 23285
63000 23258
63000 23115
63000 23271
64000 23470
64000 23477
64000 23618
64000 23459
64000 23501
64000 23531
64000 23613
64000 23669
64000 23510
64000 23626
64000 23544
64000 23632
64000 23477
64000 23450
64000 23446
64000 23549
64000 23602
64000 23579
64000 23677
64000 23563
64000 23591
64000 23574
64000 23400
64000 23626
64000 23604
64000 23624
64000 23579
64000 23433
64000 23474
64000 23495
64000 23604
64000 23567
64000 23708
64000 23502
64000 23708
64000 23577
64000 23521
64000 23454
64000 23482
64000 23734
64000 23539
64000 23670
64000 23511
64000 23466
64000 23436
64000 23549
64000 23538
64000 23406
64000 23528
64000 23426
65000 23911
65000 23959
65000 23821
65000 23923
65000 23968
65000 23841
65000 23815
65000 23826
65000 23922
65000 23959
65000 23953
65000 23823
65000 23899
65000 23886
65000 23937
65000 23848
65000 23862
65000 23893
65000 23816
65000 23946
65000 23841
65000 23783
65000 23962
65000 23858
65000 24098
65000 23932
65000 23860
65000 23888
65000 24022
65000 23899
65000 23781
65000 23828
65000 23934
65000 23842
65000 23919
65000 23801
65000 23916
65000 24000
65000 23872
65000 23971
65000 24095
65000 23828
65000 23898
65000 23823
65000 23916
65000 24038
65000 23840
65000 23837
65000 23948
65000 23912
66000 24346
66000 24412
66000 24335
66000 24362
66000 24247
66000 24206
66000 24327
66000 24197
66000 24334
66000 24232
66000 24213
66000 24326
66000 24379
66000 24412
66000 24203
66000 24331
66000 24261
66000 24202
66000 24288
66000 24174
66000 24222
66000 24271
66000 24469
66000 24278
66000 24318
66000 24287
66000 24335
66000 24289
66000 24241
66000 24285
66000 24232
66000 24201
66000 24383
66000 24309
66000 24233
66000 24347
66000 24377
66000 24308
66000 24199
66000 24250
66000 24207
66000 24294
66000 24279
66000 24285
66000 24360
66000 24344
66000 24312
66000 24125
66000 24321
66000 24334
67000 24754
67000 24646
67000 24674
67000 24676
67000 24705
67000 24602
67000 24644
67000 24531
67000 24780
67000 24451
67000 24711
67000 24456
67000 24625
67000 24469
67000 24506
67000 24798
67000 24639
67000 24722
67000 24680
67000 24735
67000 24559
67000 24615
67000 24600
67000 24621
67000 24672
67000 24585
67000 24659
67000 24579
67000 24667
67000 24634
67000 24685
67000 24768
67000 24602
67000 24725
67000 24720
67000 24700
67000 24643
67000 24605
67000 24683
67000 24934
67000 24736
67000 24704
67000 24664
67000 24615
67000 24600
67000 24622
67000 24674
67000 24806
67000 24638
67000 24659
68000 25002
68000 25050
68000 25033
68000 24956
68000 25109
68000 25136
68000 24937
68000 24973
68000 24997
68000 25058
68000 25003
68000 24974
68000 25022
68000 24976
68000 24940
68000 25098
68000 25056
68000 24846
68000 24940
68000 25030
68000 24982
68000 25000
68000 24995
68000 25095
68000 25142
68000 24953
68000 24994
68000 24973
68000 24966
68000 24945
68000 25176
68000 25059
68000 24908
68000 24938
68000 24984
68000 24869
68000 25047
68000 25073
68000 24990
68000 25019
68000 25037
68000 25092
68000 24959
68000 25113
68000 25153
68000 24856
68000 25044
68000 25120
68000 24861
68000 25128
69000 25399
69000 25243
69000 25438
69000 25429
69000 25422
69000 25425
69000 25303
69000 25329
69000 25507
69000 25476
69000 25333
69000 25481
69000 25405
69000 25333
69000 25463
69000 25267
69000 25485
69000 25301
69000 25473
69000 25403
69000 25409
69000 25424
69000 25323
69000 25556
69000 25488
69000 25372
69000 25492
69000 25316
69000 25300
69000 25432
69000 25380
69000 25350
69000 25420
69000 25340
69000 25450
69000 25394
69000 25244
69000 25457
69000 25403
69000 25235
69000 25289
69000 25375
69000 25222
69000 25290
69000 25367
69000 25368
69000 25379
69000 25304
69000 25311
69000 25356
70000 25689
70000 25659
70000 25780
70000 25652
70000 25636
70000 25737
70000 25706
70000 25717
70000 25681
70000 25866
70000 25803
70000 25749
70000 25759
70000 25827
70000 25691
70000 25765
70000 25646
70000 25682
70000 25770
70000 25809
70000 25733
70000 25671
70000 25846
70000 25735
70000 25736
70000 25700
70000 25766
70000 25775
70000 25834
70000 25774
70000 25719
70000 25734
70000 25657
70000 25710
70000 25769
70000 25718
70000 25755
70000 25743
70000 25650
70000 25879
70000 25866
70000 25796
70000 25798
70000 25768
70000 25771
70000 25736
70000 25785
70000 25571
70000 25777
70000 25827
71000 26144
71000 26173
71000 26132
71000 26095
71000 26149
71000 26119
71000 26111
71000 26109
71000 26209
71000 25958
71000 26061
71000 26144
71000 26140
71000 26385
71000 26045
71000 26103
71000 26255
71000 26190
71000 26034
71000 26126
71000 26175
71000 26102
71000 26047
71000 26118
71000 26094
71000 26271
71000 26224
71000 26136
71000 26182
71000 25999
71000 26017
71000 26141
71000 26012
71000 26142
71000 25992
71000 25965
71000 26186
71000 26061
71000 26227
71000 26150
71000 26218
71000 26085
71000 26217
71000 26117
71000 26165
71000 26322
71000 26178
71000 26019
71000 26240
71000 26077
72000 26518
72000 26363
72000 26545
72000 26225
72000 26571
72000 26462
72000 26424
72000 26524
72000 26438
72000 26513
72000 26663
72000 26469
72000 26478
72000 26432
72000 26443
72000 26467
72000 26445
72000 26449
72000 26481
72000 26529
72000 26373
72000 26538
72000 26645
72000 26409
72000 26655
72000 26609
72000 26526
72000 26551
72000 26466
72000 26435
72000 26410
72000 26382
72000 26448
72000 26603
72000 26563
72000 26412
72000 26306
72000 26475
72000 26453
72000 26613
72000 26550
72000 26417
72000 26491
72000 26565
72000 26548
72000 26387
72000 26482
72000 26406
72000 26550
72000 26498
73000 26963
73000 26783
73000 26954
73000 26775
73000 27047
73000 26864
73000 26792
73000 26988
73000 26842
73000 26990
73000 26778
73000 26834
73000 26842
73000 26801
73000 26885
73000 26748
73000 26841
73000 26839
73000 26865
73000 26946
73000 26781
73000 27094
73000 26775
73000 26951
73000 26925
73000 26808
73000 26653
73000 26931
73000 26843
73000 26824
73000 27032
73000 26837
73000 26808
73000 26767
73000 26775
73000 26839
73000 27026
73000 26652
73000 26830
73000 26822
73000 26890
73000 26829
73000 26792
73000 26922
73000 26773
73000 26854
73000 26866
73000 26763
73000 26981
73000 26682
74000 27342
74000 27188
74000 27213
74000 27264
74000 27340
74000 27319
74000 27140
74000 27103
74000 27102
74000 27299
74000 27383
74000 27283
74000 27180
74000 27077
74000 27336
74000 27208
74000 27293
74000 27163
74000 27209
74000 27297
74000 27186
74000 27037
74000 27141
74000 27137
74000 27280
74000 27167
74000 27197
74000 27219
74000 27163
74000 27139
74000 27209
74000 27200
74000 27134
74000 27294
74000 27130
74000 27262
74000 27113
74000 27099
74000 27162
74000 27288
74000 27237
74000 27180
74000 27213
74000 27211
74000 27297
74000 27176
74000 27282
74000 27226
74000 27336
74000 27161
75000 27701
75000 27593
75000 27631
75000 27650
75000 27527
75000 27647
75000 27488
75000 27547
75000 27588
75000 27502
75000 27660
75000 27596
75000 27606
75000 27586
75000 27463
75000 27669
75000 27653
75000 27588
75000 27611
75000 27524
75000 27559
75000 27332
75000 27594
75000 27689
75000 27652
75000 27801
75000 27545
75000 27522
75000 27570
75000 27753
75000 27597
75000 27557
75000 27750
75000 27618
75000 27580
75000 27746
75000 27620
75000 27658
75000 27447
75000 27453
75000 27564
75000 27523
75000 27560
75000 27713
75000 27548
75000 27671
75000 27583
75000 27697
75000 27469
75000 27495
76000 28037
76000 27891
76000 28013
76000 27955
76000 27993
76000 27997
76000 27916
76000 27914
76000 27948
76000 28040
76000 28030
76000 27980
76000 27981
76000 27773
76000 28095
76000 28078
76000 27919
76000 27944
76000 28055
76000 27859
76000 28022
76000 27945
76000 27888
76000 28058
76000 28036
76000 27979
76000 27910
76000 27972
76000 27928
76000 27977
76000 27906
76000 27917
76000 28022
76000 28076
76000 27976
76000 28039
76000 28080
76000 27875
76000 27941
76000 27877
76000 27973
76000 27846
76000 27926
76000 27745
76000 28036
76000 27978
76000 28064
76000 27960
76000 27877
76000 28032
77000 28547
77000 28319
77000 28307
77000 28286
77000 28446
77000 28361
77000 28351
77000 28348
77000 28236
77000 28210
77000 28215
77000 28421
77000 28324
77000 28273
77000 28287
77000 28364
77000 28271
77000 28400
77000 28281
77000 28405
77000 28340
77000 28280
77000 28232
77000 28517
77000 28428
77000 28233
77000 28275
77000 28301
77000 28289
77000 28380
77000 28274
77000 28375
77000 28239
77000 28292
77000 28297
77000 28371
77000 28404
77000 28238
77000 28506
77000 28329
77000 28411
77000 28257
77000 28323
77000 28252
77000 28315
77000 28387
77000 28239
77000 28379
77000 28250
77000 28271
78000 28701
78000 28644
78000 28567
78000 28639
78000 28896
78000 28854
78000 28583
78000 28651
78000 28794
78000 28679
78000 28636
78000 28719
78000 28749
78000 28630
78000 28694
78000 28669
78000 28699
78000 28742
78000 28698
78000 28624
78000 28719
78000 28594
78000 28631
78000 28675
78000 28766
78000 28694
78000 28654
78000 28719
78000 28845
78000 28714
78000 28542
78000 28740
78000 28666
78000 28670
78000 28801
78000 28718
78000 28597
78000 28730
78000 28787
78000 28745
78000 28843
78000 28627
78000 28832
78000 28499
78000 28704
78000 28773
78000 28775
78000 28800
78000 28604
78000 28775
79000 29282
79000 28980
79000 29037
79000 29019
79000 29056
79000 28995
79000 29083
79000 28971
79000 29141
79000 29105
79000 29247
79000 29012
79000 29061
79000 29033
79000 28967
79000 29023
79000 29037
79000 28958
79000 29148
79000 29044
79000 29075
79000 28961
79000 28942
79000 28983
79000 29100
79000 29069
79000 29004
79000 29093
79000 29086
79000 29078
79000 29193
79000 29038
79000 29116
79000 29052
79000 28997
79000 28993
79000 29156
79000 28953
79000 29080
79000 29102
79000 28964
79000 29069
79000 29027
79000 29016
79000 29099
79000 29034
79000 29038
79000 29064
79000 28995
79000 29148
80000 29545
80000 29446
80000 29573
80000 29482
80000 29302
80000 29458
80000 29503
80000 29371
80000 29523
80000 29358
80000 29351
80000 29395
80000 29307
80000 29315
80000 29395
80000 29340
80000 29531
80000 29465
80000 29516
80000 29412
80000 29347
80000 29334
80000 29523
80000 29315
80000 29465
80000 29538
80000 29525
80000 29572
80000 29485
80000 29502
80000 29267
80000 29318
80000 29428
80000 29346
80000 29361
80000 29460
80000 29423
80000 29321
80000 29437
80000 29354
80000 29390
80000 29378
80000 29390
80000 29358
80000 29623
80000 29490
80000 29407
80000 29452
80000 29472
80000 29392
81000 29921
81000 29711
81000 29810
81000 29839
81000 29709
81000 29752
81000 29852
81000 29830
81000 29746
81000 29771
81000 29735
81000 29913
81000 29697
81000 29788
81000 29710
81000 29828
81000 29722
81000 29767
81000 29767
81000 29698
81000 29759
81000 29583
81000 29698
81000 29862
81000 29785
81000 29867
81000 29826
81000 29740
81000 29690
81000 29866
81000 29931
81000 29843
81000 29962
81000 29660
81000 29794
81000 29733
81000 29763
81000 29844
81000 29751
81000 29606
81000 29734
81000 29749
81000 29853
81000 29962
81000 29656
81000 29753
81000 29845
81000 29775
81000 29781
81000 29695
82000 30287
82000 30175
82000 30071
82000 30180
82000 30199
82000 30236
82000 30314
82000 30077
82000 30092
82000 30173
82000 30341
82000 30111
82000 30126
82000 30211
82000 30259
82000 30249
82000 30060
82000 30067
82000 30268
82000 30255
82000 30271
82000 30198
82000 30152
82000 30241
82000 30091
82000 30139
82000 30135
82000 30346
82000 30300
82000 30000
82000 30238
82000 30153
82000 30327
82000 30040
82000 30129
82000 30018
82000 30033
82000 30046
82000 30104
82000 30197
82000 30201
82000 30239
82000 30219
82000 30238
82000 30178
82000 30180
82000 30190
82000 30090
82000 30209
82000 30162
83000 30583
83000 30447
83000 30392
83000 30552
83000 30684
83000 30414
83000 30526
83000 30336
83000 30464
83000 30377
83000 30519
83000 30432
83000 30638
83000 30611
83000 30347
83000 30458
83000 30592
83000 30457
83000 30483
83000 30308
83000 30566
83000 30546
83000 30507
83000 30499
83000 30482
83000 30512
83000 30626
83000 30513
83000 30495
83000 30521
83000 30514
83000 30490
83000 30469
83000 30522
83000 30483
83000 30582
83000 30612
83000 30607
83000 30686
83000 30574
83000 30527
83000 30507
83000 30578
83000 30536
83000 30479
83000 30511
83000 30679
83000 30585
83000 30568
83000 30558
84000 31036
84000 30810
84000 30730
84000 30936
84000 30841
84000 31101
84000 30989
84000 30835
84000 30895
84000 30817
84000 30864
84000 31209
84000 30894
84000 30940
84000 30971
84000 30873
84000 30936
84000 30833
84000 30848
84000 30852
84000 30749
84000 30896
84000 30851
84000 30886
84000 30857
84000 30827
84000 31004
84000 30943
84000 30851
84000 31058
84000 30986
84000 31085
84000 30910
84000 31001
84000 30724
84000 30805
84000 30892
84000 30991
84000 30843
84000 31004
84000 30815
84000 30768
84000 31005
84000 30977
84000 30701
84000 30773
84000 30963
84000 30732
84000 30868
84000 31061
85000 31280
85000 31211
85000 31261
85000 31308
85000 31347
85000 31318
85000 31205
85000 31237
85000 31431
85000 31347
85000 31324
85000 31239
85000 31277
85000 31295
85000 31182
85000 31243
85000 31286
85000 31245
85000 31282
85000 31259
85000 31293
85000 31282
85000 31419
85000 31261
85000 31322
85000 31311
85000 31279
85000 31278
85000 31393
85000 31291
85000 31384
85000 31202
85000 31257
85000 31261
85000 31229
85000 31297
85000 31523
85000 31313
85000 31262
85000 31127
85000 31379
85000 31199
85000 31144
85000 31167
85000 31299
85000 31295
85000 31084
85000 31394
85000 31300
85000 31249
86000 31803
86000 31627
86000 31729
86000 31681
86000 31654
86000 31617
86000 31556
86000 31642
86000 31658
86000 31631
86000 31638
86000 31740
86000 31624
86000 31915
86000 31531
86000 31621
86000 31727
86000 31667
86000 31647
86000 31606
86000 31529
86000 31572
86000 31581
86000 31595
86000 31682
86000 31825
86000 31609
86000 31599
86000 31672
86000 31813
86000 31605
86000 31513
86000 31626
86000 31544
86000 31689
86000 31688
86000 31748
86000 31783
86000 31464
86000 31774
86000 31334
86000 31925
86000 31748
86000 31680
86000 31607
86000 31578
86000 31590
86000 31672
86000 31517
86000 31571
87000 32073
87000 31956
87000 32017
87000 32130
87000 32023
87000 31903
87000 32076
87000 31868
87000 31962
87000 31992
87000 31958
87000 32113
87000 32074
87000 31850
87000 32027
87000 31964
87000 32084
87000 31957
87000 32000
87000 32061
87000 32019
87000 31956
87000 32090
87000 31986
87000 31977
87000 31997
87000 32032
87000 32120
87000 31934
87000 32118
87000 31930
87000 32131
87000 31794
87000 31915
87000 31824
87000 32086
87000 32043
87000 32000
87000 32062
87000 32043
87000 31901
87000 31810
87000 31796
87000 32145
87000 31917
87000 31987
87000 31972
87000 32088
87000 32067
87000 31980
88000 32435
88000 32447
88000 32447
88000 32332
88000 32527
88000 32378
88000 32532
88000 32287
88000 32475
88000 32379
88000 32315
88000 32414
88000 32356
88000 32307
88000 32311
88000 32478
88000 32412
88000 32385
88000 32266
88000 32445
88000 32317
88000 32412
88000 32300
88000 32366
88000 32689
88000 32243
88000 32343
88000 32164
88000 32424
88000 32325
88000 32390
88000 32324
88000 32463
88000 32294
88000 32379
88000 32414
88000 32497
88000 32354
88000 32128
88000 32214
88000 32291
88000 32486
88000 32288
88000 32317
88000 32455
88000 32266
88000 32453
88000 32329
88000 32555
88000 32280
89000 32735
89000 32646
89000 32632
89000 32663
89000 32786
89000 32682
89000 32846
89000 32756
89000 32811
89000 32528
89000 32779
89000 32709
89000 32835
89000 32697
89000 32941
89000 32615
89000 32777
89000 32652
89000 32704
89000 32762
89000 32689
89000 32801
89000 32729
89000 32872
89000 32867
89000 32708
89000 32625
89000 32660
89000 32782
89000 32699
89000 32681
89000 32814
89000 32708
89000 32736
89000 32822
89000 32810
89000 32791
89000 32596
89000 32534
89000 32766
89000 32792
89000 32695
89000 32788
89000 32683
89000 32851
89000 32812
89000 32865
89000 32746
89000 32675
89000 32790
90000 33307
90000 33179
90000 33229
90000 33160
90000 33121
90000 33059
90000 32946
90000 32995
90000 33101
90000 33148
90000 33097
90000 33155
90000 33198
90000 32965
90000 33189
90000 33150
90000 32928
90000 33010
90000 33164
90000 32916
90000 33103
90000 33114
90000 33036
90000 33120
90000 32941
90000 33003
90000 33214
90000 33083
90000 32973
90000 33039
90000 33256
90000 33254
90000 32979
90000 33062
90000 33176
90000 33092
90000 33198
90000 33112
90000 33097
90000 33189
90000 33083
90000 33187
90000 33117
90000 33123
90000 33117
90000 33171
90000 33247
90000 33043
90000 33156
90000 33346
91000 33566
91000 33554
91000 33494
91000 33386
91000 33654
91000 33379
91000 33411
91000 33564
91000 33420
91000 33549
91000 33372
91000 33781
91000 33588
91000 33361
91000 33364
91000 33478
91000 33588
91000 33459
91000 33405
91000 33390
91000 33424
91000 33435
91000 33478
91000 33499
91000 33489
91000 33550
91000 33693
91000 33531
91000 33491
91000 33545
91000 33611
91000 33605
91000 33512
91000 33358
91000 33341
91000 33572
91000 33325
91000 33431
91000 33568
91000 33535
91000 33559
91000 33552
91000 33512
91000 33594
91000 33340
91000 33487
91000 33398
91000 33286
91000 33394
91000 33324
92000 33946
92000 33694
92000 33702
92000 33766
92000 34022
92000 33954
92000 33868
92000 33833
92000 33814
92000 33843
92000 33890
92000 33841
92000 33692
92000 33885
92000 33946
92000 33943
92000 33835
92000 33812
92000 33853
92000 33798
92000 33863
92000 33815
92000 33711
92000 33607
92000 33819
92000 33758
92000 33778
92000 33834
92000 33844
92000 33900
92000 33822
92000 34087
92000 33751
92000 33903
92000 33757
92000 33737
92000 33865
92000 33764
92000 33761
92000 33720
92000 33661
92000 33968
92000 33755
92000 33762
92000 33854
92000 33734
92000 33681
92000 33886
92000 33804
92000 33788
93000 34279
93000 34102
93000 34091
93000 34087
93000 34251
93000 34404
93000 34193
93000 34109
93000 34192
93000 34131
93000 34258
93000 34291
93000 34192
93000 34136
93000 34274
93000 34247
93000 34133
93000 34163
93000 34386
93000 34170
93000 34340
93000 34180
93000 34357
93000 34182
93000 34175
93000 34240
93000 34215
93000 34091
93000 34074
93000 34267
93000 34201
93000 34168
93000 34267
93000 34186
93000 34250
93000 34144
93000 34231
93000 34178
93000 34280
93000 34367
93000 34285
93000 34187
93000 34258
93000 34269
93000 34200
93000 34329
93000 34225
93000 34032
93000 34234
93000 34244
94000 34721
94000 34721
94000 34550
94000 34534
94000 34690
94000 34607
94000 34598
94000 34632
94000 34556
94000 34472
94000 34658
94000 34524
94000 34581
94000 34673
94000 34565
94000 34674
94000 34668
94000 34471
94000 34454
94000 34580
94000 34635
94000 34682
94000 34566
94000 34739
94000 34639
94000 34434
94000 34797
94000 34563
94000 34701
94000 34591
94000 34567
94000 34559
94000 34591
94000 34558
94000 34617
94000 34475
94000 34424
94000 34570
94000 34406
94000 34545
94000 34618
94000 34614
94000 34552
94000 34611
94000 34548
94000 34608
94000 34591
94000 34564
94000 34572
94000 34639
95000 35130
95000 34849
95000 34973
95000 34929
95000 34974
95000 34930
95000 35032
95000 34817
95000 34891
95000 35035
95000 34995
95000 34686
95000 35056
95000 34915
95000 34915
95000 34867
95000 35082
95000 34922
95000 35103
95000 34880
95000 35030
95000 34857
95000 34990
95000 34840
95000 34961
95000 34825
95000 34949
95000 34952
95000 34999
95000 35173
95000 34925
95000 34964
95000 34755
95000 35029
95000 34787
95000 34739
95000 34876
95000 34832
95000 34914
95000 35069
95000 34848
95000 34846
95000 34904
95000 34996
95000 35238
95000 35103
95000 35006
95000 34906
95000 35079
95000 34947
96000 35343
96000 35377
96000 35485
96000 35360
96000 35332
96000 35413
96000 35421
96000 35241
96000 35197
96000 35427
96000 35269
96000 35289
96000 35282
96000 35334
96000 35310
96000 35380
96000 35159
96000 35409
96000 35402
96000 35276
96000 35183
96000 35166
96000 35335
96000 35298
96000 35405
96000 35312
96000 35291
96000 35374
96000 35346
96000 35370
96000 35441
96000 35356
96000 35336
96000 35276
96000 35569
96000 35233
96000 35331
96000 35306
96000 35192
96000 35483
96000 35306
96000 35327
96000 35070
96000 35217
96000 35347
96000 35372
96000 35426
96000 35353
96000 35181
96000 35392
97000 35828
97000 35644
97000 35563
97000 35778
97000 35755
97000 35693
97000 35723
97000 35462
97000 35822
97000 35754
97000 35656
97000 35710
97000 35781
97000 35521
97000 35609
97000 35532
97000 35665
97000 35791
97000 35732
97000 35445
97000 35858
97000 35789
97000 35648
97000 35658
97000 35787
97000 35613
97000 35729
97000 35668
97000 35759
97000 35779
97000 35771
97000 35714
97000 35549
97000 35719
97000 35650
97000 35641
97000 35848
97000 35761
97000 35813
97000 35723
97000 35733
97000 35716
97000 35675
97000 35714
97000 35774
97000 35540
97000 35558
97000 35524
97000 35671
97000 35648
98000 36145
98000 36120
98000 35992
98000 36210
98000 35935
98000 36088
98000 36075
98000 36068
98000 36064
98000 36047
98000 36100
98000 36037
98000 36090
98000 36063
98000 36062
98000 36081
98000 36147
98000 36009
98000 36066
98000 36026
98000 35947
98000 36040
98000 35921
98000 36215
98000 36022
98000 36090
98000 36047
98000 35914
98000 36102
98000 36040
98000 36005
98000 35998
98000 36144
98000 36075
98000 36116
98000 35850
98000 36189
98000 36205
98000 36010
98000 35920
98000 36072
98000 35837
98000 36000
98000 35896
98000 35914
98000 36105
98000 35989
98000 36024
98000 36048
98000 36064
99000 36576
99000 36519
99000 36478
99000 36510
99000 36420
99000 36462
99000 36526
99000 36412
99000 36446
99000 36508
99000 36545
99000 36278
99000 36178
99000 36327
99000 36603
99000 36597
99000 36493
99000 36506
99000 36425
99000 36278
99000 36371
99000 36372
99000 36360
99000 36581
99000 36518
99000 36548
99000 36670
99000 36439
99000 36448
99000 36410
99000 36396
99000 36329
99000 36344
99000 36538
99000 36318
99000 36367
99000 36487
99000 36203
99000 36439
99000 36407
99000 36622
99000 36433
99000 36364
99000 36321
99000 36241
99000 36447
99000 36472
99000 36330
99000 36258
99000 36521
100000 37042
100000 36896
100000 36951
100000 36785
100000 36963
100000 36781
100000 36832
100000 36805
100000 36879
100000 36747
100000 36655
100000 36913
100000 36753
100000 36556
100000 36743
100000 36787
100000 36763
100000 36850
100000 36854
100000 36874
100000 36785
100000 36922
100000 36861
100000 36854
100000 36933
100000 36663
100000 36854
100000 36818
100000 36903
100000 36753
100000 36812
100000 36962
100000 36737
100000 37004
100000 36739
100000 36721
100000 36760
100000 36855
100000 36998
100000 36893
100000 36817
100000 36607
100000 36918
100000 36955
100000 36826
100000 36687
100000 36945
100000 36762
100000 36777
100000 36858
