100,2284
100,2092
100,2495
100,2372
100,2408
200,9654
200,9515
200,9947
200,9709
200,10323
300,24801
300,22851
300,23768
300,24052
300,21803
400,40823
400,38000
400,38733
400,39845
400,39138
500,64100
500,65691
500,62406
500,62326
500,60710
600,92089
600,91055
600,90764
600,90261
600,90468
700,121694
700,126564
700,129684
700,122850
700,120892
800,154447
800,163399
800,165795
800,156790
800,156973
900,200400
900,204226
900,200329
900,206460
900,204633
1000,250656
1000,248724
1000,246782
1000,255989
1000,244045
1100,295961
1100,303111
1100,310571
1100,300738
1100,298785
1200,356015
1200,354388
1200,345768
1200,362149
1200,351631
1300,425798
1300,425191
1300,419290
1300,429794
1300,426274
1400,494763
1400,500593
1400,495396
1400,494278
1400,492195
1500,572310
1500,542289
1500,563418
1500,568462
1500,565503
1600,641449
1600,652934
1600,658294
1600,638878
1600,620069
1700,728279
1700,733124
1700,720862
1700,725414
1700,714672
1800,827590
1800,784027
1800,795199
1800,809875
1800,814849
1900,914847
1900,916063
1900,913475
1900,904489
1900,901201
2000,1001095
2000,998503
2000,1021125
2000,1020777
2000,1000944
2100,1107924
2100,1099168
2100,1070436
2100,1091188
2100,1117454
2200,1210300
2200,1170755
2200,1200098
2200,1204192
2200,1218850
2300,1312113
2300,1307465
2300,1289406
2300,1353872
2300,1315348
2400,1472718
2400,1424159
2400,1426150
2400,1439131
2400,1450506
2500,1581698
2500,1573151
2500,1582498
2500,1600892
2500,1518433
2600,1683148
2600,1670819
2600,1704711
2600,1676980
2600,1688473
2700,1806025
2700,1888341
2700,1837669
2700,1828616
2700,1792952
2800,1933833
2800,1932959
2800,1989409
2800,1964232
2800,1965819
2900,2084308
2900,2099090
2900,2091058
2900,2078352
2900,2076007
3000,2311361
3000,2206671
3000,2257635
3000,2247704
3000,2256100
3100,2387744
3100,2391669
3100,2414844
3100,2452211
3100,2341383
3200,2593335
3200,2565850
3200,2525686
3200,2599467
3200,2565596
3300,2710254
3300,2701064
3300,2780070
3300,2718747
3300,2733331
3400,2882059
3400,2944513
3400,2910056
3400,2842408
3400,2920288
3500,3116348
3500,3037100
3500,3009688
3500,3133995
3500,3051593
3600,3192527
3600,3275895
3600,3233091
3600,3292026
3600,3253617
3700,3356826
3700,3468639
3700,3481989
3700,3369539
3700,3452653
3800,3635342
3800,3624267
3800,3602029
3800,3648978
3800,3570068
3900,3811779
3900,3837996
3900,3880107
3900,3793610
3900,3879480
4000,4045245
4000,3953757
4000,3964095
4000,4009674
4000,3969150
4100,4208227
4100,4156399
4100,4174141
4100,4191502
4100,4159790
4200,4397748
4200,4455564
4200,4377096
4200,4354108
4200,4412070
4300,4629149
4300,4677615
4300,4617195
4300,4724778
4300,4686397
4400,4923470
4400,4850724
4400,4878733
4400,4855458
4400,4881838
4500,5136078
4500,5114657
4500,5011581
4500,5088927
4500,5079303
4600,5370285
4600,5278868
4600,5216568
4600,5242747
4600,5249538
4700,5636026
4700,5495571
4700,5500110
4700,5521192
4700,5560023
4800,5702080
4800,5749428
4800,5799902
4800,5791929
4800,5802120
4900,5894202
4900,6086407
4900,6057270
4900,6108506
4900,6025805
5000,6312971
5000,6318935
5000,6352293
5000,6245855
5000,6272019
5100,6601060
5100,6425712
5100,6485259
5100,6479984
5100,6517085
5200,6851246
5200,6859971
5200,6711616
5200,6815675
5200,6697516
5300,7012601
5300,7031028
5300,6973796
5300,6922219
5300,7007855
5400,7361103
5400,7137132
5400,7357165
5400,7323541
5400,7273787
5500,7581346
5500,7444907
5500,7686715
5500,7588538
5500,7656621
5600,7852139
5600,7851248
5600,7908106
5600,7864761
5600,7844075
5700,8023244
5700,8148960
5700,8048507
5700,8111118
5700,8137117
5800,8383814
5800,8304983
5800,8336170
5800,8362115
5800,8307953
5900,8694287
5900,8825700
5900,8623782
5900,8658740
5900,8677412
6000,9041947
6000,8890261
6000,8936176
6000,9053264
6000,9034748
6100,9370113
6100,9204263
6100,9162857
6100,9298306
6100,9313607
6200,9556802
6200,9606840
6200,9748990
6200,9533627
6200,9571293
6300,9883659
6300,9926771
6300,9948732
6300,9914880
6300,10000200
6400,10287846
6400,10244954
6400,10246139
6400,10163374
6400,10260071
6500,10509409
6500,10436842
6500,10482334
6500,10650075
6500,10550204
6600,10941012
6600,10913070
6600,10919460
6600,10960342
6600,10883737
6700,11292408
6700,11374784
6700,11060448
6700,11223843
6700,10977926
6800,11560684
6800,11652669
6800,11447053
6800,11473268
6800,11484788
6900,11962696
6900,11824471
6900,11807612
6900,11910755
6900,11774230
7000,12268902
7000,12349345
7000,12300570
7000,12218529
7000,12305150
7100,12512004
7100,12531360
7100,12532100
7100,12641221
7100,12452830
7200,13045357
7200,12863760
7200,12959392
7200,13027402
7200,12689547
7300,13379712
7300,13287143
7300,13515266
7300,13514782
7300,13356507
7400,13719345
7400,13817332
7400,13600695
7400,13619477
7400,13934683
7500,14024017
7500,14082841
7500,14105748
7500,14131954
7500,14213903
7600,14498601
7600,14249992
7600,14544054
7600,14539626
7600,14433924
7700,14881991
7700,14671939
7700,14777390
7700,14634862
7700,14929993
7800,15140013
7800,15181725
7800,15209458
7800,15326511
7800,15271853
7900,15757791
7900,15499370
7900,15552031
7900,15630020
7900,15487049
8000,16016154
8000,15881073
8000,15892536
8000,15810012
8000,16189369
8100,16369047
8100,16383139
8100,16680838
8100,16493081
8100,16272664
8200,16906347
8200,16953705
8200,16858237
8200,16785556
8200,17088851
8300,17297989
8300,17152154
8300,17270185
8300,17337609
8300,17270941
8400,17661764
8400,17561286
8400,17786569
8400,17525888
8400,17822257
8500,17850696
8500,18040237
8500,18221072
8500,17922156
8500,17715435
8600,18631937
8600,18463491
8600,18336654
8600,18405425
8600,18456322
8700,18757522
8700,18770519
8700,18789186
8700,18881199
8700,19009621
8800,19191999
8800,19354186
8800,19332203
8800,19293192
8800,19423685
8900,19532841
8900,19791155
8900,19849035
8900,19735178
8900,19876851
9000,20411662
9000,20170178
9000,20073839
9000,20331371
9000,20253477
9100,20625606
9100,20659934
9100,20882040
9100,20753808
9100,20730182
9200,21082325
9200,21235746
9200,20984310
9200,21315806
9200,21131766
9300,21487193
9300,21496178
9300,21494922
9300,21382937
9300,21566295
9400,22381255
9400,22302876
9400,22515069
9400,22215606
9400,22154057
9500,22721494
9500,22824233
9500,22367720
9500,22280481
9500,22649254
9600,23025739
9600,23041080
9600,23103925
9600,23334742
9600,23003022
9700,23523754
9700,23794162
9700,23232699
9700,23509398
9700,23324126
9800,24375437
9800,23839893
9800,23975188
9800,24046252
9800,23972573
9900,24359086
9900,24616287
9900,24750559
9900,24514747
9900,24642940
10000,24806669
10000,24919169
10000,24817973
10000,25011579
10000,24920137
